-4.65992e-005
0.000487497
0.000538767
0.00049133
0.000417436
0.000359303
0.000222545
0.000172353
0.000149621
0.000101508
9.08561e-005
0.000132245
0.000207136
0.000181884
4.80961e-005
0.000163026
0.000196535
0.000283226
0.000543788
5.54261e-019
0.000462234
0.00631195
0.00936313
0.0114193
0.0143364
0.0159807
0.0176276
0.0187569
0.0192562
0.0196276
0.0197294
0.0197023
0.0195395
0.0192279
0.0187923
0.0178003
0.0169756
0.015575
0.0129951
0.00933976
0.00699298
0.000369822
0.000617505
0.016561
0.0222711
0.0306806
0.0366457
0.0410381
0.0441942
0.0459542
0.0468631
0.0470653
0.0460577
0.0441896
0.04237
0.0388135
0.0328698
0.0282853
0.0209844
0.0154682
0.000416345
0.000500626
0.0205218
0.0313278
0.0426633
0.0544521
0.0602895
0.0648597
0.0698686
0.0720329
0.0734783
0.0738127
0.07338
0.0710053
0.0690167
0.0667785
0.0640767
0.0571799
0.0503358
0.0384107
0.0262056
0.0150801
0.000477394
1.77763e-017
0.0310597
0.0430861
0.0609719
0.07547
0.0851415
0.0921207
0.0960016
0.0979231
0.099425
0.100113
0.0992638
0.0956552
0.0925819
0.0888928
0.0833225
0.0751943
0.0677158
0.0592865
0.0469441
0.0302466
-1.2483e-017
-3.86536e-016
0.0291364
0.0472516
0.0592098
0.0733725
0.082173
0.0921834
0.0998209
0.105752
0.108607
0.110653
0.110393
0.10878
0.103852
0.0989728
0.0929626
0.0825768
0.0708428
0.0606514
0.0464187
0.0337957
-5.90664e-017
0.000157373
0.0257108
0.0420364
0.0568838
0.0811415
0.0970256
0.109191
0.118449
0.124215
0.127332
0.127011
0.124284
0.121499
0.115082
0.10793
0.0982455
0.0889343
0.0735327
0.0612018
0.044211
0.0251173
0.000186553
0.000112808
0.0317544
0.0544502
0.0724659
0.0837615
0.104304
0.114084
0.124999
0.132853
0.13649
0.136791
0.136239
0.13239
0.126693
0.12121
0.114525
0.101411
0.0795687
0.0595402
0.0374645
0.000134036
9.64895e-005
0.030112
0.0584902
0.0877759
0.0988644
0.115719
0.122988
0.132321
0.138535
0.142079
0.143184
0.142053
0.137658
0.132365
0.12554
0.116385
0.0978199
0.076049
0.0571215
0.0418559
0.0244296
0.000153378
6.60353e-005
0.0349555
0.0592291
0.0849598
0.104979
0.121553
0.133954
0.138653
0.144259
0.145851
0.145222
0.143588
0.138585
0.129548
0.114178
0.103306
0.0872875
0.0666047
0.0322488
9.3916e-005
0.000186566
0.0355161
0.0584635
0.0837995
0.102322
0.116335
0.128664
0.136026
0.140437
0.145502
0.14745
0.146327
0.142649
0.133849
0.124588
0.108652
0.0954242
0.0752776
0.0578126
0.0369131
0.000115217
0.000189532
0.0290676
0.0539775
0.0825043
0.098446
0.11864
0.132581
0.141056
0.146195
0.147406
0.146642
0.144678
0.139112
0.129602
0.11746
0.104432
0.0801259
0.06071
0.0417123
0.000123299
0.000158996
0.041889
0.0616202
0.0886637
0.106055
0.119022
0.130041
0.136282
0.142152
0.145503
0.146216
0.145335
0.141125
0.137119
0.130626
0.11618
0.100693
0.0846999
0.0604201
0.0254718
8.23259e-005
0.000200839
0.0238899
0.0514575
0.0764642
0.0936539
0.108138
0.118078
0.126951
0.136525
0.141499
0.143678
0.141943
0.137835
0.130327
0.116559
0.104792
0.0815515
0.0541012
0.0262076
8.45679e-005
0.000138324
0.0374022
0.0540025
0.0719417
0.0899437
0.103105
0.112938
0.125664
0.132979
0.136353
0.137196
0.136002
0.132443
0.127314
0.118472
0.109116
0.099332
0.0768504
0.051091
0.0275
0.000115352
0.00013064
0.0220799
0.042836
0.0705391
0.0879103
0.100156
0.108499
0.118207
0.123791
0.127318
0.12947
0.130914
0.130092
0.126311
0.120905
0.112329
0.0988864
0.0849572
0.0607063
0.0403199
0.0222298
0.000100966
0.000120443
0.023308
0.0510017
0.0691191
0.0857558
0.0989259
0.105816
0.112514
0.117837
0.120052
0.120772
0.119415
0.117243
0.113143
0.107444
0.0953953
0.0804261
0.0592972
0.0316246
0.0001657
0.00033353
0.018755
0.0434391
0.054015
0.0689569
0.0766106
0.0875222
0.093459
0.0974494
0.0993195
0.100842
0.100088
0.0971148
0.0915126
0.0838843
0.0788309
0.0648196
0.0488596
0.0365457
0.0178262
0.000285858
0.000386633
0.0175583
0.0293275
0.0444533
0.0538526
0.066094
0.0713001
0.0769871
0.0816447
0.0840206
0.0847562
0.0843329
0.0830165
0.0796935
0.0763419
0.0714895
0.0612836
0.04818
0.0321131
0.0188481
0.000404465
0.000501055
0.0122014
0.030294
0.038955
0.0481469
0.0527856
0.0587552
0.0612195
0.0638925
0.0660585
0.0667322
0.0668817
0.0658317
0.0638251
0.0596859
0.056485
0.0484714
0.0385693
0.0314427
0.0206134
0.000535493
0.000309877
0.0144104
0.0208516
0.026745
0.0341069
0.0379597
0.0430927
0.045939
0.0477313
0.0493914
0.0503018
0.0508168
0.0505574
0.0499004
0.0484608
0.0455147
0.0424817
0.0392818
0.0322746
0.0245493
0.0187741
0.0112069
0.000529235
-0.000114615
0.0118904
0.0179074
0.0236277
0.0263636
0.0298018
0.0310606
0.0328016
0.0336433
0.0339186
0.0339174
0.0336419
0.032683
0.0313973
0.0301131
0.0269601
0.0237793
0.0190678
0.0149091
0.0106206
0.000694089
-0.000152271
0.000294607
0.000369684
0.000239226
0.000171853
0.000101589
7.22302e-005
0.00016293
0.000181891
0.00013705
0.000156237
9.48808e-005
5.73701e-005
0.000129717
0.000155315
0.000245105
0.000452399
0.000557318
0.000626325
-5.61567e-018
