0 1 1.025 9.56192e-029 2.5
0.00423017 1 1.025 2.02411e-028 2.5
0.00894223 1 1.025 3.91218e-027 2.5
0.0136378 1 1.025 8.28408e-026 2.5
0.0177374 1 1.025 1.18679e-024 2.5
0.0221347 1 1.025 1.99599e-023 2.5
0.0268881 1 1.025 3.98195e-022 2.5
0.0309897 1 1.025 5.81601e-021 2.5
0.0358068 1 1.025 1.29552e-019 2.5
0.0406698 1 1.025 2.98103e-018 2.5
0.0449011 1 1.025 4.06665e-017 2.5
0.0497587 1 1.025 3.09897e-016 2.5
0.054295 1 1.025 1.25892e-015 2.5
0.0583678 1 1.025 3.44656e-015 2.5
0.0628764 1 1.025 9.64243e-015 2.5
0.0671523 1 1.025 2.55065e-014 2.5
0.0717709 1 1.025 7.14677e-014 2.5
0.0763222 1 1.025 1.93357e-013 2.5
0.0810103 1 1.025 5.30956e-013 2.5
0.0855298 1 1.025 1.39614e-012 2.5
0.0901902 1 1.025 3.73693e-012 2.5
0.09494 1 1.025 9.95393e-012 2.5
0.0991336 1 1.025 2.36568e-011 2.5
0.103617 1 1.025 5.93978e-011 2.5
0.108595 1 1.025 1.58334e-010 2.5
0.112812 1 1.025 3.64111e-010 2.5
0.117197 1 1.025 8.60759e-010 2.5
0.12177 1 1.025 2.05973e-009 2.5
0.126164 1 1.025 4.73904e-009 2.5
0.131034 1 1.025 1.16647e-008 2.5
0.135898 1 1.025 2.80232e-008 2.5
0.140317 1 1.025 6.17197e-008 2.5
0.144538 1 1.025 1.304e-007 2.5
0.149193 1 1.025 2.91225e-007 2.5
0.153815 0.999999 1.025 6.3176e-007 2.5
0.157865 0.999999 1.025 1.2461e-006 2.5
0.162731 0.999998 1.025 2.73308e-006 2.5
0.167106 0.999996 1.02499 5.47174e-006 2.5
0.171797 0.999991 1.02499 1.13147e-005 2.49999
0.176359 0.999982 1.02497 2.25243e-005 2.49998
0.181307 0.999963 1.02495 4.64872e-005 2.49996
0.186261 0.999925 1.02489 9.35076e-005 2.49992
0.19072 0.999861 1.0248 0.000173495 2.49986
0.195532 0.999736 1.02462 0.000329237 2.49973
0.19987 0.999536 1.02433 0.000578032 2.49952
0.20481 0.999142 1.02376 0.00106614 2.49912
0.209101 0.998567 1.02293 0.00178147 2.49853
0.213273 0.997677 1.02164 0.00288385 2.49761
0.217305 0.996366 1.01975 0.00450943 2.49626
0.221822 0.994138 1.01653 0.00726424 2.49397
0.226444 0.990692 1.01157 0.0115388 2.49042
0.23131 0.985279 1.00378 0.0182492 2.48483
0.235568 0.978531 0.994102 0.0266598 2.47783
0.240374 0.968064 0.979144 0.0397383 2.46694
0.244557 0.955979 0.961958 0.0549856 2.45428
0.249487 0.937629 0.936043 0.0783286 2.4349
0.254212 0.915513 0.905094 0.106947 2.41127
0.258947 0.888707 0.868005 0.142271 2.38221
0.263455 0.859109 0.827596 0.182249 2.34956
0.267768 0.827415 0.784971 0.226198 2.31391
0.272197 0.792099 0.738273 0.276725 2.27329
0.276463 0.756102 0.691563 0.330019 2.23084
0.280837 0.718037 0.643167 0.388549 2.18471
0.285017 0.681361 0.597532 0.447263 2.13895
0.289915 0.638939 0.546006 0.518274 2.08427
0.294176 0.603408 0.503917 0.580534 2.03688
0.29852 0.569236 0.464387 0.643172 1.98978
0.303424 0.533759 0.424362 0.711185 1.93913
0.307741 0.505956 0.393738 0.766796 1.89806
0.312495 0.479434 0.365148 0.821864 1.85762
0.316557 0.460527 0.345149 0.862192 1.82797
0.321374 0.442793 0.326683 0.900897 1.79946
0.325778 0.430989 0.314558 0.926713 1.78012
0.330709 0.422621 0.306047 0.944819 1.76625
0.335156 0.418877 0.302282 0.952335 1.76012
0.339392 0.418003 0.301432 0.953419 1.75884
0.343866 0.418951 0.302437 0.950375 1.76071
0.34844 0.420922 0.304486 0.945407 1.76434
0.352909 0.42275 0.306389 0.941123 1.76769
0.357695 0.423936 0.307642 0.938565 1.76995
0.362265 0.42406 0.307806 0.938555 1.77038
0.366551 0.423454 0.307227 0.94003 1.76958
0.371175 0.422521 0.306321 0.942189 1.76826
0.375746 0.421642 0.305473 0.943993 1.76703
0.379835 0.421196 0.305066 0.944831 1.76655
0.384075 0.420995 0.304915 0.945003 1.76651
0.388876 0.421067 0.305049 0.944774 1.76699
0.393088 0.421077 0.30512 0.944358 1.76736
0.397889 0.421258 0.305366 0.944302 1.76803
0.402639 0.420943 0.305133 0.944088 1.768
0.407321 0.421242 0.305491 0.944379 1.76882
0.411597 0.420642 0.304997 0.943914 1.76847
0.41626 0.421518 0.30592 0.944278 1.77014
0.420717 0.420259 0.304825 0.943237 1.76909
0.425041 0.422034 0.306584 0.944051 1.77181
0.429196 0.419525 0.304359 0.942484 1.76947
0.433528 0.422991 0.30767 0.944071 1.77407
0.437923 0.4181 0.303307 0.94152 1.76937
0.44201 0.423677 0.308412 0.943763 1.77546
0.446897 0.414917 0.300652 0.939985 1.76733
0.451706 0.42506 0.309861 0.943716 1.77801
0.45642 0.412262 0.298838 0.93913 1.76799
0.460996 0.427024 0.31174 0.943689 1.78056
0.465984 0.405885 0.293604 0.937398 1.76431
0.470062 0.426076 0.3105 0.942494 1.77742
0.474428 0.39909 0.288689 0.936364 1.76432
0.479152 0.430647 0.314928 0.942711 1.78364
0.483952 0.391864 0.284648 0.936049 1.77169
0.488135 0.426762 0.313238 0.941274 1.79022
0.492641 0.371082 0.278769 0.936169 1.83227
0.497341 0.385643 0.31746 0.941642 2.0078
0.501742 0.268845 0.281248 0.940992 2.55155
0.506372 0.278028 0.31862 0.93701 2.79512
0.511282 0.24173 0.280917 0.940098 2.83441
0.516073 0.272674 0.315464 0.935492 2.82177
0.520666 0.24711 0.28442 0.940504 2.80728
0.525193 0.272502 0.313738 0.934807 2.80811
0.529377 0.253334 0.290664 0.940012 2.79843
0.534274 0.274437 0.316902 0.933368 2.81643
0.538302 0.260118 0.299235 0.938398 2.80582
0.542668 0.274333 0.317265 0.932788 2.82072
0.546706 0.264412 0.304526 0.937202 2.80905
0.55153 0.274088 0.317154 0.932497 2.82226
0.556492 0.266639 0.307017 0.936597 2.80837
0.561343 0.272906 0.315285 0.933146 2.81778
0.565771 0.268411 0.30907 0.936012 2.80849
0.569779 0.271766 0.313477 0.933949 2.81336
0.574485 0.269058 0.309547 0.936131 2.80606
0.579174 0.271188 0.312399 0.934708 2.80968
0.583984 0.269781 0.310295 0.936066 2.8053
0.588821 0.27104 0.31199 0.93517 2.80753
0.593109 0.270416 0.311023 0.935879 2.80528
0.597841 0.271094 0.311918 0.935379 2.80631
0.60218 0.270816 0.31144 0.935825 2.80489
0.606406 0.271149 0.311856 0.935661 2.80519
0.610755 0.271081 0.311685 0.935989 2.80436
0.615148 0.271286 0.311924 0.93604 2.80439
0.619389 0.271321 0.311917 0.936318 2.80396
0.623984 0.271474 0.312082 0.936514 2.80387
0.628816 0.271565 0.312153 0.936827 2.80356
0.633551 0.271693 0.312291 0.937082 2.80348
0.637725 0.271777 0.31237 0.937322 2.80332
0.642646 0.271884 0.312472 0.937524 2.80313
0.647101 0.271952 0.312528 0.937658 2.80294
0.651246 0.271998 0.312551 0.937684 2.80266
0.656091 0.272027 0.312539 0.937603 2.80225
0.660094 0.272027 0.312497 0.937461 2.80188
0.664641 0.272035 0.312456 0.937274 2.80143
0.669616 0.272073 0.312462 0.937212 2.80109
0.674294 0.272201 0.312618 0.937504 2.80118
0.678898 0.27251 0.313072 0.938541 2.80206
0.683129 0.272933 0.313719 0.940249 2.80351
0.687235 0.273506 0.314609 0.942561 2.80556
0.692021 0.274244 0.315761 0.945816 2.80826
0.696654 0.27469 0.316449 0.948126 2.80981
0.701177 0.274438 0.316009 0.947687 2.80848
0.705958 0.27262 0.313035 0.94098 2.8006
0.710025 0.269269 0.3076 0.927252 2.78622
0.714031 0.263939 0.29901 0.904476 2.76311
0.718382 0.255617 0.285723 0.867335 2.72629
0.723047 0.243941 0.267344 0.812437 2.67301
0.727714 0.230166 0.246073 0.743438 2.6076
0.732078 0.21635 0.225225 0.669437 2.53907
0.736128 0.203458 0.206232 0.595868 2.47228
0.74063 0.189857 0.186711 0.512596 2.3986
0.745254 0.177286 0.169179 0.429798 2.32749
0.749537 0.167168 0.155448 0.358599 2.26804
0.753871 0.158474 0.143942 0.293727 2.21537
0.758172 0.151336 0.134705 0.237467 2.17099
0.763117 0.144748 0.126362 0.182965 2.12922
0.767267 0.140359 0.120906 0.145146 2.10098
0.771579 0.136737 0.116465 0.112854 2.07743
0.776013 0.133832 0.112947 0.0861698 2.05839
0.780935 0.131375 0.110002 0.0631108 2.04222
0.785284 0.129737 0.108055 0.0474075 2.03141
0.78983 0.128445 0.106529 0.0348147 2.02286
0.794405 0.12748 0.105394 0.0252588 2.01646
0.799361 0.12672 0.104504 0.0176576 2.01142
0.804279 0.126183 0.103877 0.0122367 2.00786
0.808983 0.125819 0.103453 0.0085255 2.00544
0.813852 0.125555 0.103145 0.00580714 2.00369
0.818518 0.125377 0.102938 0.00397786 2.00251
0.822855 0.125262 0.102804 0.00277299 2.00174
0.827686 0.125173 0.102701 0.00183983 2.00115
0.831928 0.125119 0.102638 0.00127054 2.00079
0.836509 0.125079 0.102591 0.000845338 2.00052
0.841099 0.125052 0.10256 0.000556615 2.00034
0.845869 0.125033 0.102538 0.000357323 2.00022
0.850138 0.125022 0.102525 0.000238024 2.00015
0.854312 0.125014 0.102517 0.000158888 2.0001
0.858488 0.12501 0.102511 0.000105204 2.00006
0.863252 0.125006 0.102507 6.52638e-005 2.00004
0.867738 0.125004 0.102504 4.11911e-005 2.00002
0.872273 0.125002 0.102503 2.56738e-005 2.00002
0.876489 0.125001 0.102502 1.63923e-005 2.00001
0.881262 0.125001 0.102501 9.804e-006 2.00001
0.885834 0.125001 0.102501 5.92793e-006 2
0.890301 0.125 0.1025 3.59718e-006 2
0.894602 0.125 0.1025 2.2053e-006 2
0.899131 0.125 0.1025 1.30861e-006 2
0.903421 0.125 0.1025 7.91182e-007 2
0.90769 0.125 0.1025 4.76442e-007 2
0.911949 0.125 0.1025 2.84859e-007 2
0.916831 0.125 0.1025 1.57172e-007 2
0.921442 0.125 0.1025 8.86238e-008 2
0.925443 0.125 0.1025 5.34834e-008 2
0.929926 0.125 0.1025 3.02551e-008 2
0.934352 0.125 0.1025 1.70642e-008 2
0.939268 0.125 0.1025 8.99719e-009 2
0.943778 0.125 0.1025 4.93574e-009 2
0.948756 0.125 0.1025 2.53495e-009 2
0.95375 0.125 0.1025 1.28516e-009 2
0.958423 0.125 0.1025 6.74245e-010 2
0.962424 0.125 0.1025 3.84623e-010 2
0.967212 0.125 0.1025 1.9621e-010 2
0.972207 0.125 0.1025 9.63188e-011 2
0.976733 0.125 0.1025 4.99539e-011 2
0.981154 0.125 0.1025 2.60992e-011 2
0.986107 0.125 0.1025 1.25734e-011 2
0.990279 0.125 0.1025 6.66693e-012 2
0.994443 0.125 0.1025 3.53228e-012 2
0.998894 0.125 0.1025 1.74513e-012 2
1 0.125 0.1025 1.42198e-012 2
