0	0	0
1	0.0193552	0
2	0.0315696	0
3	0.0562814	0
4	0.0822989	0
5	0.103937	0
6	0.120311	0
7	0.147051	0
8	0.172875	0
9	0.189198	0
10	0.203859	0
11	0.218748	0
12	0.23699	0
13	0.255742	0
14	0.277228	0
15	0.289828	0
16	0.302789	0
17	0.326612	0
18	0.346849	0
19	0.360342	0
20	0.374089	0
21	0.400442	0
22	0.416593	0
23	0.441367	0
24	0.459612	0
25	0.475231	0
26	0.497946	0
27	0.519966	0
28	0.547567	0
29	0.568117	0
30	0.592212	0
31	0.616109	0
32	0.632438	0
33	0.650502	0
34	0.662603	0
35	0.685864	0
36	0.698859	0
37	0.719937	0
38	0.73212	0
39	0.747299	0
40	0.76545	0
41	0.780109	0
42	0.801061	0
43	0.819419	0
44	0.841485	0
45	0.866333	0
46	0.892073	0
47	0.918537	0
48	0.943278	0
49	0.963898	0
50	0.976585	0
105	0	0.0424976
52	0	0.0258701
53	0.0166959	0.0258701
54	0.0302145	0.0258701
55	0.0520718	0.0258701
56	0.0683624	0.0258701
57	0.0834045	0.0258701
58	0.106841	0.0258701
59	0.134736	0.0258701
60	0.161572	0.0258701
61	0.178907	0.0258701
62	0.197961	0.0258701
63	0.222665	0.0258701
64	0.238625	0.0258701
65	0.254339	0.0258701
66	0.267775	0.0258701
67	0.280432	0.0258701
68	0.296264	0.0258701
69	0.310076	0.0258701
70	0.333361	0.0258701
71	0.360205	0.0258701
72	0.385801	0.0258701
73	0.398754	0.0258701
74	0.423102	0.0258701
75	0.439949	0.0258701
76	0.453993	0.0258701
77	0.476132	0.0258701
78	0.503611	0.0258701
79	0.524157	0.0258701
80	0.540361	0.0258701
81	0.56666	0.0258701
82	0.590524	0.0258701
83	0.61698	0.0258701
84	0.629297	0.0258701
85	0.644634	0.0258701
86	0.664526	0.0258701
87	0.679622	0.0258701
88	0.701362	0.0258701
89	0.725812	0.0258701
90	0.748011	0.0258701
91	0.769904	0.0258701
92	0.790135	0.0258701
93	0.806371	0.0258701
94	0.823715	0.0258701
95	0.847824	0.0258701
96	0.864991	0.0258701
97	0.884067	0.0258701
98	0.898727	0.0258701
99	0.921035	0.0258701
100	0.934185	0.0258701
101	0.950482	0.0258701
102	0.971246	0.0258701
103	0.983877	0.0258701
106	0.0142027	0.0424976
108	0.0513979	0.0424976
109	0.0758168	0.0424976
162	0.0444542	0.0657592
110	0.0885893	0.0424976
111	0.108107	0.0424976
112	0.133086	0.0424976
113	0.153242	0.0424976
114	0.167235	0.0424976
115	0.179455	0.0424976
117	0.214016	0.0424976
118	0.227244	0.0424976
170	0.203608	0.0657592
119	0.24385	0.0424976
120	0.258755	0.0424976
122	0.299845	0.0424976
175	0.284638	0.0657592
176	0.311546	0.0657592
123	0.320353	0.0424976
126	0.374464	0.0424976
127	0.396638	0.0424976
179	0.366846	0.0657592
128	0.412565	0.0424976
129	0.429747	0.0424976
130	0.451178	0.0424976
131	0.465158	0.0424976
132	0.485593	0.0424976
133	0.510378	0.0424976
134	0.530899	0.0424976
135	0.546073	0.0424976
136	0.567071	0.0424976
137	0.579139	0.0424976
138	0.60268	0.0424976
139	0.614833	0.0424976
141	0.656159	0.0424976
142	0.669518	0.0424976
195	0.653627	0.0657592
143	0.694285	0.0424976
144	0.712736	0.0424976
145	0.730066	0.0424976
146	0.756017	0.0424976
147	0.769174	0.0424976
148	0.782993	0.0424976
150	0.823293	0.0424976
203	0.809745	0.0657592
204	0.82873	0.0657592
151	0.84292	0.0424976
153	0.883171	0.0424976
154	0.898502	0.0424976
156	0.936197	0.0424976
157	0.955057	0.0424976
209	0.930832	0.0657592
158	0.972356	0.0424976
212	0.982403	0.0657592
214	0	0.0815386
216	0.0419966	0.0815386
163	0.0683921	0.0657592
0	0	0
164	0.089491	0.0657592
165	0.110903	0.0657592
166	0.123009	0.0657592
167	0.135065	0.0657592
116	0.192265	0.0424976
169	0.180939	0.0657592
0	0	0
171	0.221787	0.0657592
121	0.275869	0.0424976
172	0.241953	0.0657592
0	0	0
0	0	0
0	0	0
124	0.343157	0.0424976
125	0.357665	0.0424976
180	0.387785	0.0657592
0	0	0
181	0.400104	0.0657592
182	0.41283	0.0657592
184	0.451025	0.0657592
185	0.467051	0.0657592
0	0	0
186	0.48834	0.0657592
187	0.509672	0.0657592
188	0.522967	0.0657592
189	0.537343	0.0657592
191	0.575063	0.0657592
192	0.595297	0.0657592
0	0	0
140	0.636798	0.0424976
193	0.615546	0.0657592
196	0.679218	0.0657592
0	0	0
197	0.70552	0.0657592
0	0	0
198	0.721112	0.0657592
149	0.799513	0.0424976
201	0.774986	0.0657592
202	0.79131	0.0657592
0	0	0
0	0	0
152	0.862992	0.0424976
205	0.844164	0.0657592
155	0.918544	0.0424976
207	0.883153	0.0657592
210	0.943039	0.0657592
211	0.958657	0.0657592
0	0	0
0	0	0
0	0	0
215	0.023952	0.0815386
217	0.067646	0.0815386
218	0.0836983	0.0815386
219	0.100287	0.0815386
220	0.125833	0.0815386
221	0.147401	0.0815386
222	0.16447	0.0815386
223	0.191597	0.0815386
224	0.205047	0.0815386
225	0.231503	0.0815386
226	0.246634	0.0815386
227	0.261803	0.0815386
228	0.287229	0.0815386
229	0.309109	0.0815386
230	0.332937	0.0815386
231	0.358015	0.0815386
232	0.374997	0.0815386
283	0.363591	0.0994197
233	0.402511	0.0815386
234	0.416064	0.0815386
236	0.452616	0.0815386
239	0.493444	0.0815386
289	0.491457	0.0994197
290	0.506058	0.0994197
240	0.520109	0.0815386
241	0.542927	0.0815386
291	0.520445	0.0994197
242	0.560073	0.0815386
244	0.602235	0.0815386
245	0.624486	0.0815386
246	0.650662	0.0815386
247	0.666941	0.0815386
248	0.689707	0.0815386
249	0.711335	0.0815386
250	0.731272	0.0815386
251	0.757995	0.0815386
252	0.776032	0.0815386
253	0.790693	0.0815386
254	0.815025	0.0815386
255	0.829982	0.0815386
256	0.847339	0.0815386
257	0.87513	0.0815386
258	0.893337	0.0815386
259	0.915289	0.0815386
260	0.93658	0.0815386
261	0.953474	0.0815386
262	0.966686	0.0815386
263	0.981579	0.0815386
314	0	0.124075
315	0.0237142	0.124075
316	0.0426309	0.124075
317	0.0672036	0.124075
318	0.0918246	0.124075
269	0.0880437	0.0994197
270	0.103791	0.0994197
0	0	0
271	0.131025	0.0994197
273	0.172136	0.0994197
274	0.192448	0.0994197
275	0.216454	0.0994197
276	0.229545	0.0994197
277	0.24794	0.0994197
278	0.261571	0.0994197
279	0.28555	0.0994197
280	0.30584	0.0994197
281	0.328558	0.0994197
282	0.349628	0.0994197
284	0.380427	0.0994197
0	0	0
235	0.433493	0.0815386
285	0.4078	0.0994197
237	0.464778	0.0815386
238	0.477209	0.0815386
0	0	0
0	0	0
292	0.545273	0.0994197
0	0	0
243	0.586525	0.0815386
293	0.56793	0.0994197
295	0.602168	0.0994197
296	0.626037	0.0994197
297	0.643613	0.0994197
298	0.668945	0.0994197
299	0.686747	0.0994197
300	0.708814	0.0994197
301	0.726376	0.0994197
302	0.752669	0.0994197
303	0.778859	0.0994197
304	0.795869	0.0994197
305	0.814565	0.0994197
306	0.836718	0.0994197
307	0.862078	0.0994197
0	0	0
308	0.887725	0.0994197
309	0.914842	0.0994197
310	0.938402	0.0994197
312	0.973631	0.0994197
0	0	0
365	0	0.149657
366	0.0177355	0.149657
368	0.0607307	0.149657
319	0.11684	0.124075
320	0.136293	0.124075
321	0.153839	0.124075
322	0.17607	0.124075
323	0.18982	0.124075
324	0.212903	0.124075
325	0.23047	0.124075
326	0.250687	0.124075
327	0.263986	0.124075
328	0.280935	0.124075
329	0.308275	0.124075
330	0.322344	0.124075
331	0.340729	0.124075
333	0.378912	0.124075
384	0.360864	0.149657
334	0.400359	0.124075
335	0.421207	0.124075
337	0.458879	0.124075
389	0.463358	0.149657
0	0	0
338	0.483125	0.124075
340	0.526449	0.124075
341	0.540586	0.124075
393	0.534252	0.149657
342	0.560399	0.124075
344	0.606817	0.124075
345	0.619006	0.124075
347	0.654634	0.124075
400	0.647552	0.149657
348	0.680718	0.124075
349	0.696794	0.124075
351	0.728517	0.124075
352	0.753525	0.124075
405	0.743048	0.149657
353	0.772742	0.124075
355	0.8198	0.124075
356	0.838003	0.124075
409	0.817085	0.149657
357	0.856441	0.124075
411	0.854808	0.149657
358	0.883603	0.124075
359	0.910643	0.124075
360	0.928889	0.124075
361	0.946025	0.124075
362	0.965891	0.124075
419	0	0.176011
420	0.0133755	0.176011
422	0.0545958	0.176011
423	0.0707497	0.176011
424	0.0972228	0.176011
425	0.115452	0.176011
426	0.133263	0.176011
371	0.132576	0.149657
372	0.148396	0.149657
0	0	0
373	0.165099	0.149657
376	0.219384	0.149657
377	0.235447	0.149657
378	0.251188	0.149657
379	0.273189	0.149657
380	0.285247	0.149657
381	0.298494	0.149657
382	0.312487	0.149657
332	0.358024	0.124075
383	0.340103	0.149657
385	0.383387	0.149657
0	0	0
336	0.439352	0.124075
386	0.407305	0.149657
387	0.420183	0.149657
0	0	0
339	0.508576	0.124075
390	0.485568	0.149657
394	0.551843	0.149657
0	0	0
0	0	0
343	0.586616	0.124075
346	0.636837	0.124075
397	0.604725	0.149657
398	0.620231	0.149657
401	0.668499	0.149657
0	0	0
350	0.71614	0.124075
402	0.683104	0.149657
0	0	0
0	0	0
0	0	0
354	0.795199	0.124075
406	0.760547	0.149657
410	0.831391	0.149657
0	0	0
0	0	0
412	0.874542	0.149657
413	0.899237	0.149657
414	0.916703	0.149657
0	0	0
415	0.940699	0.149657
416	0.959171	0.149657
363	0.980575	0.124075
417	0.974264	0.149657
421	0.0347381	0.176011
0	0	0
0	0	0
0	0	0
0	0	0
427	0.154799	0.176011
428	0.176685	0.176011
429	0.194156	0.176011
0	0	0
430	0.213329	0.176011
431	0.238923	0.176011
432	0.255979	0.176011
0	0	0
433	0.282565	0.176011
434	0.304554	0.176011
436	0.337213	0.176011
437	0.35594	0.176011
438	0.382396	0.176011
0	0	0
439	0.405307	0.176011
442	0.459442	0.176011
0	0	0
0	0	0
443	0.484405	0.176011
444	0.507239	0.176011
445	0.533804	0.176011
446	0.561016	0.176011
447	0.579157	0.176011
0	0	0
448	0.600709	0.176011
451	0.657066	0.176011
0	0	0
452	0.683394	0.176011
455	0.726644	0.176011
456	0.740365	0.176011
458	0.777419	0.176011
459	0.799721	0.176011
0	0	0
460	0.819338	0.176011
461	0.846776	0.176011
462	0.864825	0.176011
0	0	0
463	0.884717	0.176011
464	0.90635	0.176011
0	0	0
465	0.93204	0.176011
466	0.944463	0.176011
468	0.981932	0.176011
470	0	0.201001
471	0.0161974	0.201001
473	0.0502314	0.201001
474	0.0633481	0.201001
475	0.0871805	0.201001
476	0.104477	0.201001
526	0.100626	0.220209
477	0.123981	0.201001
479	0.168851	0.201001
481	0.208866	0.201001
482	0.222434	0.201001
531	0.200656	0.220209
483	0.240731	0.201001
484	0.262489	0.201001
485	0.283103	0.201001
486	0.308895	0.201001
487	0.329528	0.201001
488	0.343661	0.201001
490	0.376816	0.201001
539	0.365585	0.220209
491	0.403471	0.201001
492	0.417194	0.201001
494	0.446463	0.201001
495	0.467322	0.201001
496	0.494118	0.201001
545	0.483039	0.220209
497	0.521292	0.201001
498	0.53885	0.201001
547	0.534562	0.220209
499	0.560445	0.201001
501	0.606627	0.201001
502	0.628405	0.201001
551	0.601049	0.220209
503	0.646303	0.201001
504	0.671596	0.201001
505	0.689496	0.201001
508	0.741148	0.201001
558	0.72404	0.220209
509	0.768332	0.201001
510	0.787475	0.201001
511	0.800564	0.201001
512	0.820737	0.201001
513	0.8457	0.201001
514	0.871757	0.201001
515	0.895382	0.201001
516	0.918023	0.201001
566	0.888344	0.220209
517	0.945636	0.201001
518	0.964739	0.201001
519	0.976768	0.201001
572	0	0.245114
573	0.0210462	0.245114
574	0.0407168	0.245114
575	0.0678003	0.245114
576	0.0814981	0.245114
577	0.10866	0.245114
578	0.135906	0.245114
580	0.164702	0.245114
581	0.191924	0.245114
582	0.206228	0.245114
532	0.22601	0.220209
0	0	0
0	0	0
533	0.245239	0.220209
534	0.26389	0.220209
535	0.281093	0.220209
536	0.308311	0.220209
489	0.359781	0.201001
537	0.324112	0.220209
540	0.384389	0.220209
493	0.43086	0.201001
541	0.404207	0.220209
543	0.445199	0.220209
544	0.46772	0.220209
546	0.508488	0.220209
0	0	0
548	0.547963	0.220209
0	0	0
500	0.57913	0.201001
549	0.56905	0.220209
552	0.614859	0.220209
553	0.631391	0.220209
554	0.647026	0.220209
555	0.659888	0.220209
506	0.703037	0.201001
507	0.71576	0.201001
559	0.739024	0.220209
560	0.751943	0.220209
561	0.778443	0.220209
562	0.799355	0.220209
563	0.823647	0.220209
0	0	0
0	0	0
564	0.849693	0.220209
565	0.863572	0.220209
0	0	0
567	0.912224	0.220209
568	0.938538	0.220209
569	0.952921	0.220209
0	0	0
570	0.977042	0.220209
0	0	0
621	0	0.264231
624	0.0500248	0.264231
625	0.0635478	0.264231
626	0.0811823	0.264231
627	0.103043	0.264231
579	0.152283	0.245114
628	0.125847	0.264231
630	0.163162	0.264231
583	0.227991	0.245114
584	0.251725	0.245114
585	0.269113	0.245114
586	0.288987	0.245114
587	0.316621	0.245114
588	0.338657	0.245114
639	0.330222	0.264231
589	0.366435	0.245114
590	0.388165	0.245114
591	0.404434	0.245114
592	0.422112	0.245114
593	0.441851	0.245114
594	0.46444	0.245114
595	0.487683	0.245114
596	0.508441	0.245114
597	0.528961	0.245114
598	0.545051	0.245114
599	0.570541	0.245114
601	0.613311	0.245114
602	0.636366	0.245114
603	0.654889	0.245114
655	0.650137	0.264231
604	0.682587	0.245114
605	0.70751	0.245114
606	0.720036	0.245114
607	0.743348	0.245114
608	0.767224	0.245114
609	0.78952	0.245114
610	0.815615	0.245114
663	0.800614	0.264231
611	0.842931	0.245114
612	0.855324	0.245114
614	0.890508	0.245114
616	0.927962	0.245114
617	0.944633	0.245114
618	0.964138	0.245114
619	0.984686	0.245114
675	0	0.28992
676	0.0196457	0.28992
678	0.0565622	0.28992
680	0.0931416	0.28992
681	0.107697	0.28992
731	0.0847824	0.315223
682	0.12185	0.28992
683	0.144346	0.28992
684	0.171556	0.28992
685	0.189948	0.28992
686	0.215154	0.28992
687	0.233827	0.28992
688	0.261404	0.28992
635	0.253175	0.264231
0	0	0
0	0	0
636	0.280049	0.264231
637	0.297348	0.264231
640	0.352786	0.264231
0	0	0
641	0.378922	0.264231
0	0	0
642	0.400632	0.264231
643	0.423146	0.264231
645	0.455272	0.264231
646	0.473163	0.264231
0	0	0
647	0.497539	0.264231
649	0.538649	0.264231
0	0	0
0	0	0
600	0.597463	0.245114
650	0.56272	0.264231
653	0.612016	0.264231
656	0.669474	0.264231
0	0	0
0	0	0
657	0.694983	0.264231
658	0.716622	0.264231
659	0.731834	0.264231
660	0.750744	0.264231
661	0.766387	0.264231
664	0.81835	0.264231
665	0.835399	0.264231
0	0	0
613	0.87451	0.245114
666	0.848774	0.264231
615	0.90668	0.245114
668	0.88614	0.264231
671	0.941069	0.264231
672	0.956163	0.264231
673	0.977882	0.264231
0	0	0
677	0.0396284	0.28992
727	0	0.315223
679	0.0709958	0.28992
730	0.0622899	0.315223
0	0	0
732	0.111859	0.315223
0	0	0
733	0.128403	0.315223
734	0.149941	0.315223
0	0	0
735	0.16715	0.315223
736	0.188873	0.315223
737	0.208001	0.315223
739	0.241811	0.315223
689	0.289287	0.28992
690	0.306411	0.28992
742	0.295899	0.315223
691	0.323698	0.28992
692	0.341734	0.28992
694	0.381777	0.28992
695	0.394386	0.28992
696	0.412545	0.28992
697	0.437566	0.28992
698	0.450427	0.28992
699	0.469614	0.28992
700	0.486926	0.28992
701	0.510616	0.28992
702	0.524745	0.28992
704	0.567765	0.28992
705	0.589421	0.28992
706	0.605784	0.28992
707	0.6268	0.28992
708	0.639935	0.28992
709	0.65328	0.28992
710	0.679882	0.28992
711	0.706295	0.28992
764	0.696335	0.315223
712	0.730809	0.28992
713	0.747595	0.28992
714	0.7703	0.28992
715	0.783658	0.28992
716	0.809981	0.28992
717	0.836186	0.28992
718	0.853751	0.28992
719	0.86621	0.28992
720	0.881083	0.28992
721	0.901358	0.28992
774	0.882556	0.315223
722	0.921714	0.28992
723	0.94633	0.28992
724	0.968557	0.28992
781	0	0.339642
782	0.0195657	0.339642
783	0.044608	0.339642
784	0.0604597	0.339642
785	0.0861877	0.339642
786	0.099301	0.339642
788	0.142378	0.339642
789	0.155168	0.339642
790	0.177795	0.339642
791	0.18994	0.339642
792	0.217188	0.339642
793	0.229923	0.339642
794	0.256489	0.339642
795	0.278648	0.339642
796	0.302884	0.339642
743	0.308001	0.315223
0	0	0
0	0	0
693	0.359114	0.28992
747	0.376813	0.315223
748	0.39338	0.315223
749	0.413183	0.315223
750	0.433881	0.315223
751	0.446416	0.315223
752	0.460861	0.315223
753	0.486341	0.315223
754	0.509358	0.315223
703	0.543328	0.28992
755	0.533052	0.315223
756	0.55121	0.315223
757	0.56339	0.315223
758	0.576562	0.315223
760	0.607959	0.315223
761	0.630518	0.315223
0	0	0
762	0.656574	0.315223
763	0.678128	0.315223
765	0.715798	0.315223
0	0	0
766	0.735899	0.315223
767	0.7507	0.315223
768	0.770059	0.315223
769	0.786292	0.315223
770	0.810684	0.315223
771	0.826969	0.315223
772	0.85233	0.315223
773	0.866595	0.315223
0	0	0
775	0.897791	0.315223
0	0	0
776	0.925361	0.315223
777	0.951735	0.315223
725	0.983085	0.28992
778	0.971457	0.315223
831	0	0.353279
832	0.0267207	0.353279
833	0.0532372	0.353279
834	0.0657494	0.353279
787	0.119426	0.339642
835	0.0885515	0.353279
837	0.133387	0.353279
838	0.150448	0.353279
839	0.167155	0.353279
840	0.18326	0.353279
841	0.203401	0.353279
842	0.221011	0.353279
843	0.24066	0.353279
844	0.257318	0.353279
797	0.317976	0.339642
798	0.342296	0.339642
799	0.354375	0.339642
800	0.370341	0.339642
801	0.392675	0.339642
802	0.415249	0.339642
803	0.438789	0.339642
852	0.405289	0.353279
804	0.459238	0.339642
855	0.452011	0.353279
805	0.482933	0.339642
806	0.51078	0.339642
807	0.537083	0.339642
858	0.523584	0.353279
808	0.561525	0.339642
809	0.588304	0.339642
810	0.613989	0.339642
811	0.62867	0.339642
812	0.652835	0.339642
813	0.670274	0.339642
814	0.685271	0.339642
815	0.703783	0.339642
816	0.722185	0.339642
817	0.736636	0.339642
819	0.773843	0.339642
821	0.817823	0.339642
873	0.804023	0.353279
822	0.844533	0.339642
824	0.889411	0.339642
825	0.912082	0.339642
826	0.925158	0.339642
827	0.95008	0.339642
828	0.965404	0.339642
829	0.982352	0.339642
885	0	0.37796
886	0.0230042	0.37796
887	0.0415298	0.37796
888	0.0561051	0.37796
889	0.0724299	0.37796
890	0.0845842	0.37796
891	0.105694	0.37796
893	0.141385	0.37796
894	0.165308	0.37796
895	0.191138	0.37796
896	0.208433	0.37796
897	0.234268	0.37796
898	0.258199	0.37796
899	0.275118	0.37796
900	0.295959	0.37796
950	0.282522	0.399252
901	0.322251	0.37796
848	0.329382	0.353279
849	0.347701	0.353279
850	0.370682	0.353279
851	0.386567	0.353279
853	0.424217	0.353279
854	0.436274	0.353279
856	0.478586	0.353279
0	0	0
857	0.501758	0.353279
0	0	0
859	0.540798	0.353279
860	0.559753	0.353279
861	0.571884	0.353279
862	0.586936	0.353279
0	0	0
863	0.608929	0.353279
864	0.633829	0.353279
865	0.64631	0.353279
866	0.672661	0.353279
867	0.694994	0.353279
0	0	0
818	0.750704	0.339642
868	0.722324	0.353279
869	0.734702	0.353279
820	0.792372	0.339642
871	0.767315	0.353279
874	0.820599	0.353279
823	0.869482	0.339642
876	0.861243	0.353279
877	0.875814	0.353279
878	0.892091	0.353279
879	0.90491	0.353279
880	0.92945	0.353279
881	0.951777	0.353279
882	0.970925	0.353279
883	0.983267	0.353279
936	0	0.399252
938	0.0431051	0.399252
939	0.0593415	0.399252
0	0	0
892	0.119566	0.37796
940	0.0821807	0.399252
942	0.12288	0.399252
943	0.143351	0.399252
0	0	0
944	0.161048	0.399252
945	0.181076	0.399252
946	0.207074	0.399252
947	0.231303	0.399252
948	0.247348	0.399252
949	0.263627	0.399252
951	0.308517	0.399252
0	0	0
902	0.342928	0.37796
903	0.361041	0.37796
904	0.382659	0.37796
905	0.409569	0.37796
906	0.435452	0.37796
956	0.408175	0.399252
907	0.449049	0.37796
908	0.46607	0.37796
958	0.45246	0.399252
909	0.483734	0.37796
912	0.545411	0.37796
962	0.54224	0.399252
913	0.561056	0.37796
914	0.580343	0.37796
915	0.602962	0.37796
916	0.621017	0.37796
917	0.643842	0.37796
919	0.687419	0.37796
920	0.702418	0.37796
921	0.723655	0.37796
922	0.73577	0.37796
924	0.780948	0.37796
975	0.777245	0.399252
925	0.802995	0.37796
926	0.821575	0.37796
927	0.845663	0.37796
928	0.872743	0.37796
978	0.846373	0.399252
929	0.889792	0.37796
931	0.92044	0.37796
932	0.940021	0.37796
933	0.965072	0.37796
934	0.985789	0.37796
987	0	0.413477
988	0.0212591	0.413477
989	0.0433898	0.413477
990	0.0669487	0.413477
991	0.0802114	0.413477
992	0.100043	0.413477
993	0.116181	0.413477
994	0.130202	0.413477
996	0.181098	0.413477
997	0.199144	0.413477
998	0.211343	0.413477
999	0.234089	0.413477
1000	0.249573	0.413477
1001	0.275509	0.413477
1002	0.302677	0.413477
1052	0.294765	0.433632
1003	0.320631	0.413477
1004	0.338047	0.413477
1006	0.373833	0.413477
954	0.370322	0.399252
955	0.394986	0.399252
957	0.427485	0.399252
0	0	0
959	0.467003	0.399252
0	0	0
910	0.502866	0.37796
911	0.518959	0.37796
0	0	0
0	0	0
963	0.563387	0.399252
964	0.578158	0.399252
966	0.610885	0.399252
967	0.627157	0.399252
918	0.665027	0.37796
968	0.641867	0.399252
971	0.695549	0.399252
972	0.718148	0.399252
923	0.757162	0.37796
973	0.730997	0.399252
0	0	0
0	0	0
976	0.803568	0.399252
977	0.818764	0.399252
979	0.865677	0.399252
0	0	0
930	0.903628	0.37796
983	0.935308	0.399252
984	0.950428	0.399252
0	0	0
985	0.978253	0.399252
0	0	0
1037	0	0.433632
1038	0.027685	0.433632
0	0	0
1039	0.040732	0.433632
1040	0.060449	0.433632
1042	0.0959386	0.433632
1043	0.112448	0.433632
995	0.157653	0.413477
1046	0.16623	0.433632
1047	0.184776	0.433632
1048	0.208287	0.433632
1049	0.225934	0.433632
1050	0.24839	0.433632
1051	0.275846	0.433632
0	0	0
1053	0.309678	0.433632
0	0	0
1005	0.359801	0.413477
1007	0.394765	0.413477
1008	0.420943	0.413477
1058	0.411015	0.433632
1009	0.446105	0.413477
1010	0.464486	0.413477
1011	0.485684	0.413477
1012	0.508031	0.413477
1062	0.485513	0.433632
1013	0.523064	0.413477
1014	0.536851	0.413477
1015	0.560303	0.413477
1016	0.575885	0.413477
1017	0.603002	0.413477
1018	0.629829	0.413477
1019	0.648326	0.413477
1020	0.670182	0.413477
1021	0.694527	0.413477
1023	0.730742	0.413477
1024	0.749707	0.413477
1075	0.741878	0.433632
1025	0.774018	0.413477
1026	0.79405	0.413477
1027	0.810132	0.413477
1029	0.841338	0.413477
1030	0.864392	0.413477
1031	0.891144	0.413477
1032	0.910145	0.413477
1033	0.935177	0.413477
1034	0.959374	0.413477
1035	0.981537	0.413477
1086	0.96721	0.433632
1089	0	0.460022
1090	0.0273447	0.460022
1091	0.0410064	0.460022
1092	0.0640131	0.460022
1093	0.0825875	0.460022
1094	0.106178	0.460022
1096	0.134037	0.460022
1097	0.154547	0.460022
1098	0.174566	0.460022
1151	0.164385	0.475189
1099	0.202174	0.460022
1100	0.216249	0.460022
1102	0.253926	0.460022
1103	0.271813	0.460022
1104	0.290336	0.460022
1105	0.313878	0.460022
1106	0.331731	0.460022
1107	0.352102	0.460022
1108	0.3759	0.460022
1110	0.423568	0.460022
1059	0.432149	0.433632
0	0	0
1060	0.449616	0.433632
1061	0.471451	0.433632
0	0	0
1063	0.510604	0.433632
0	0	0
1064	0.53635	0.433632
1065	0.556313	0.433632
1066	0.576881	0.433632
1067	0.594446	0.433632
1068	0.610829	0.433632
1069	0.630598	0.433632
1070	0.644867	0.433632
1071	0.657124	0.433632
1022	0.710671	0.413477
1073	0.694128	0.433632
0	0	0
0	0	0
1076	0.765587	0.433632
1077	0.779746	0.433632
1028	0.824946	0.413477
1079	0.825605	0.433632
1080	0.846239	0.433632
1081	0.859158	0.433632
1082	0.880112	0.433632
1083	0.902376	0.433632
1084	0.928213	0.433632
1085	0.949601	0.433632
1087	0.986487	0.433632
0	0	0
1143	0	0.475189
1144	0.0242089	0.475189
1145	0.0409307	0.475189
1146	0.0560949	0.475189
0	0	0
1095	0.11999	0.460022
1147	0.0832897	0.475189
1149	0.135459	0.475189
1152	0.184004	0.475189
0	0	0
0	0	0
1101	0.232459	0.460022
1155	0.256851	0.475189
1156	0.275112	0.475189
1157	0.295464	0.475189
0	0	0
1158	0.321595	0.475189
1159	0.344658	0.475189
1109	0.398475	0.460022
1160	0.366832	0.475189
1111	0.438484	0.460022
1112	0.454004	0.460022
1113	0.470863	0.460022
1114	0.486157	0.460022
1115	0.503085	0.460022
1117	0.531484	0.460022
1118	0.546219	0.460022
1168	0.535936	0.475189
1119	0.563635	0.460022
1120	0.591189	0.460022
1121	0.61591	0.460022
1123	0.648262	0.460022
1124	0.676086	0.460022
1173	0.64476	0.475189
1125	0.692965	0.460022
1126	0.708626	0.460022
1127	0.72552	0.460022
1128	0.747682	0.460022
1129	0.762013	0.460022
1130	0.775323	0.460022
1132	0.812069	0.460022
1133	0.827813	0.460022
1134	0.842767	0.460022
1135	0.868184	0.460022
1136	0.895395	0.460022
1137	0.909296	0.460022
1138	0.928051	0.460022
1139	0.950026	0.460022
1186	0.929679	0.475189
1140	0.971335	0.460022
1141	0.986416	0.460022
1191	0	0.49477
1192	0.0145723	0.49477
1194	0.0626741	0.49477
1195	0.0773564	0.49477
1196	0.0912798	0.49477
1197	0.113239	0.49477
1198	0.140055	0.49477
1199	0.158682	0.49477
1200	0.182908	0.49477
1250	0.180901	0.50722
1201	0.206711	0.49477
1202	0.232278	0.49477
1251	0.205657	0.50722
1203	0.254216	0.49477
1253	0.245353	0.50722
1204	0.280603	0.49477
1205	0.293298	0.49477
1207	0.340576	0.49477
1257	0.329302	0.50722
1208	0.36095	0.49477
1209	0.385886	0.49477
1210	0.411883	0.49477
1211	0.439356	0.49477
1212	0.453725	0.49477
1164	0.449499	0.475189
1165	0.469079	0.475189
1116	0.519386	0.460022
1166	0.491517	0.475189
1169	0.558876	0.475189
0	0	0
1170	0.573902	0.475189
0	0	0
1122	0.63204	0.460022
1171	0.601153	0.475189
1174	0.660937	0.475189
0	0	0
1175	0.686756	0.475189
1176	0.707607	0.475189
1177	0.734863	0.475189
1131	0.795043	0.460022
1178	0.76229	0.475189
1180	0.810124	0.475189
1181	0.836668	0.475189
0	0	0
1182	0.855049	0.475189
1184	0.886663	0.475189
1185	0.906189	0.475189
1187	0.948999	0.475189
0	0	0
1188	0.970494	0.475189
1189	0.985962	0.475189
1193	0.037892	0.49477
1244	0.0401797	0.50722
1245	0.0655903	0.50722
1246	0.0928446	0.50722
1247	0.115884	0.50722
1248	0.131389	0.50722
1249	0.158712	0.50722
0	0	0
1252	0.226856	0.50722
0	0	0
1254	0.258907	0.50722
0	0	0
1206	0.319084	0.49477
1255	0.285924	0.50722
1258	0.353772	0.50722
0	0	0
1259	0.375153	0.50722
1260	0.394388	0.50722
1261	0.412098	0.50722
1262	0.432866	0.50722
1213	0.477519	0.49477
1214	0.498443	0.49477
1265	0.495422	0.50722
1266	0.518359	0.50722
1215	0.524535	0.49477
1216	0.543122	0.49477
1218	0.573015	0.49477
1219	0.597619	0.49477
1220	0.61386	0.49477
1221	0.62706	0.49477
1222	0.642259	0.49477
1224	0.687528	0.49477
1225	0.710867	0.49477
1226	0.72335	0.49477
1228	0.772549	0.49477
1229	0.78559	0.49477
1279	0.781951	0.50722
1230	0.800642	0.49477
1232	0.841131	0.49477
1233	0.866064	0.49477
1234	0.881257	0.49477
1235	0.896515	0.49477
1237	0.934514	0.49477
1238	0.951984	0.49477
1239	0.965581	0.49477
1291	0	0.526482
1292	0.0123775	0.526482
1293	0.0345526	0.526482
1294	0.0494936	0.526482
1295	0.0749022	0.526482
1296	0.0888866	0.526482
1297	0.110388	0.526482
1298	0.130066	0.526482
1299	0.15165	0.526482
1300	0.170356	0.526482
1301	0.188735	0.526482
1302	0.212308	0.526482
1303	0.235651	0.526482
1304	0.24966	0.526482
1305	0.26967	0.526482
1306	0.29389	0.526482
1307	0.314202	0.526482
1308	0.341974	0.526482
1358	0.324188	0.548128
1309	0.366457	0.526482
1310	0.380632	0.526482
1311	0.398996	0.526482
1312	0.418762	0.526482
1313	0.439098	0.526482
1314	0.455361	0.526482
1315	0.479053	0.526482
1316	0.506466	0.526482
0	0	0
0	0	0
1217	0.559196	0.49477
1267	0.538088	0.50722
1268	0.565346	0.50722
1269	0.580856	0.50722
1271	0.610343	0.50722
1272	0.624668	0.50722
1223	0.667352	0.49477
1275	0.699006	0.50722
1276	0.714007	0.50722
1227	0.744901	0.49477
1277	0.737016	0.50722
0	0	0
0	0	0
1231	0.827368	0.49477
1280	0.808529	0.50722
1282	0.848439	0.50722
1283	0.873933	0.50722
1236	0.912591	0.49477
1284	0.891728	0.50722
1286	0.931492	0.50722
1287	0.952386	0.50722
1240	0.984419	0.49477
1288	0.967518	0.50722
1341	0	0.548128
1343	0.0400068	0.548128
1344	0.0600344	0.548128
0	0	0
1345	0.0844049	0.548128
1346	0.101353	0.548128
1348	0.138437	0.548128
0	0	0
1349	0.164634	0.548128
1350	0.188397	0.548128
1351	0.203617	0.548128
1352	0.218522	0.548128
1354	0.249047	0.548128
1356	0.288778	0.548128
1357	0.30786	0.548128
1359	0.341619	0.548128
0	0	0
1360	0.36149	0.548128
1361	0.37997	0.548128
1362	0.403296	0.548128
1363	0.426687	0.548128
1364	0.444213	0.548128
1365	0.469905	0.548128
1366	0.490727	0.548128
1317	0.52975	0.526482
1318	0.553161	0.526482
1368	0.539336	0.548128
1319	0.578465	0.526482
1320	0.590789	0.526482
1321	0.609381	0.526482
1322	0.622899	0.526482
1323	0.64731	0.526482
1324	0.661434	0.526482
1325	0.683044	0.526482
1326	0.708905	0.526482
1327	0.73213	0.526482
1328	0.758189	0.526482
1329	0.771147	0.526482
1330	0.792668	0.526482
1331	0.814335	0.526482
1332	0.837208	0.526482
1333	0.862084	0.526482
1334	0.888431	0.526482
1335	0.902909	0.526482
1387	0.893961	0.548128
1336	0.922388	0.526482
1337	0.945613	0.526482
1338	0.968565	0.526482
1339	0.981292	0.526482
1393	0	0.561071
1395	0.0411241	0.561071
1396	0.0620609	0.561071
1397	0.0800772	0.561071
1398	0.0995007	0.561071
1399	0.125759	0.561071
1400	0.139366	0.561071
1401	0.164298	0.561071
1402	0.188353	0.561071
1403	0.21611	0.561071
1452	0.206918	0.58671
1404	0.240453	0.561071
1405	0.259264	0.561071
1406	0.280082	0.561071
1407	0.292385	0.561071
1409	0.330126	0.561071
1410	0.357307	0.561071
1411	0.37847	0.561071
1412	0.402555	0.561071
1413	0.421325	0.561071
1415	0.45148	0.561071
1416	0.470547	0.561071
1417	0.497546	0.561071
1467	0.500052	0.58671
1418	0.521679	0.561071
1369	0.554701	0.548128
0	0	0
1370	0.572769	0.548128
1371	0.588305	0.548128
1372	0.614603	0.548128
1373	0.62742	0.548128
0	0	0
1374	0.643354	0.548128
1376	0.685473	0.548128
1377	0.69757	0.548128
1379	0.735904	0.548128
1380	0.756191	0.548128
0	0	0
1381	0.775403	0.548128
1382	0.78987	0.548128
1383	0.813984	0.548128
1384	0.836442	0.548128
1385	0.86144	0.548128
1386	0.879811	0.548128
0	0	0
0	0	0
1388	0.920468	0.548128
1389	0.944624	0.548128
1390	0.970267	0.548128
1391	0.98455	0.548128
1394	0.0244599	0.561071
1442	0	0.58671
1445	0.0542462	0.58671
1446	0.0700578	0.58671
1447	0.092189	0.58671
1448	0.105414	0.58671
1449	0.126726	0.58671
1450	0.1531	0.58671
1451	0.180035	0.58671
0	0	0
1453	0.234457	0.58671
0	0	0
0	0	0
1454	0.250335	0.58671
1455	0.266855	0.58671
1408	0.308483	0.561071
1456	0.294714	0.58671
1458	0.338746	0.58671
1459	0.351406	0.58671
1460	0.365407	0.58671
1461	0.391015	0.58671
1414	0.435522	0.561071
1465	0.452089	0.58671
1466	0.478957	0.58671
0	0	0
0	0	0
1419	0.537491	0.561071
1420	0.563424	0.561071
1421	0.584322	0.561071
1422	0.60993	0.561071
1423	0.623829	0.561071
1424	0.647872	0.561071
1425	0.665601	0.561071
1427	0.704282	0.561071
1477	0.701638	0.58671
1428	0.732157	0.561071
1429	0.7537	0.561071
1430	0.768777	0.561071
1432	0.810055	0.561071
1433	0.824987	0.561071
1434	0.852888	0.561071
1435	0.873819	0.561071
1485	0.848033	0.58671
1436	0.901754	0.561071
1487	0.897377	0.58671
1437	0.920698	0.561071
1439	0.964264	0.561071
1440	0.980585	0.561071
1491	0.970367	0.58671
1494	0	0.600174
1495	0.0157447	0.600174
1497	0.0555402	0.600174
1499	0.0919092	0.600174
1500	0.114688	0.600174
1501	0.140526	0.600174
1502	0.155923	0.600174
1503	0.173515	0.600174
1504	0.186644	0.600174
1505	0.21457	0.600174
1556	0.215473	0.627361
1557	0.229605	0.627361
1506	0.242562	0.600174
1509	0.285148	0.600174
1510	0.299764	0.600174
1511	0.325573	0.600174
1512	0.347993	0.600174
1513	0.363532	0.600174
1514	0.382284	0.600174
1515	0.401401	0.600174
1516	0.428288	0.600174
1517	0.440666	0.600174
1519	0.486874	0.600174
1520	0.514087	0.600174
1521	0.538356	0.600174
1522	0.551664	0.600174
1523	0.574694	0.600174
1471	0.572993	0.58671
1472	0.599614	0.58671
0	0	0
1473	0.616058	0.58671
0	0	0
1426	0.678384	0.561071
1474	0.64327	0.58671
0	0	0
0	0	0
1478	0.725419	0.58671
1431	0.791626	0.561071
1480	0.76025	0.58671
1483	0.810915	0.58671
1484	0.82506	0.58671
1486	0.870191	0.58671
0	0	0
1488	0.910973	0.58671
0	0	0
1438	0.947637	0.561071
1489	0.925128	0.58671
1492	0.985844	0.58671
0	0	0
0	0	0
1496	0.0317883	0.600174
1546	0	0.627361
1498	0.076285	0.600174
1550	0.0915262	0.627361
1551	0.116917	0.627361
0	0	0
1552	0.130386	0.627361
1553	0.15369	0.627361
1554	0.171553	0.627361
0	0	0
0	0	0
0	0	0
1507	0.254946	0.600174
1560	0.298607	0.627361
1561	0.316515	0.627361
1562	0.335206	0.627361
0	0	0
0	0	0
1563	0.362039	0.627361
1564	0.377184	0.627361
1566	0.413707	0.627361
1567	0.428413	0.627361
1518	0.467973	0.600174
1568	0.442716	0.627361
1570	0.491594	0.627361
1571	0.517781	0.627361
1572	0.543194	0.627361
1573	0.557324	0.627361
1524	0.589652	0.600174
1525	0.606695	0.600174
1526	0.632438	0.600174
1576	0.607829	0.627361
1527	0.653549	0.600174
1528	0.673142	0.600174
1529	0.700558	0.600174
1530	0.719623	0.600174
1531	0.747602	0.600174
1582	0.724716	0.627361
1532	0.765624	0.600174
1533	0.786062	0.600174
1534	0.804911	0.600174
1536	0.84714	0.600174
1537	0.861863	0.600174
1538	0.87397	0.600174
1539	0.887737	0.600174
1540	0.908208	0.600174
1541	0.934165	0.600174
1542	0.948925	0.600174
1543	0.96733	0.600174
1544	0.987124	0.600174
1598	0	0.65277
1599	0.0147848	0.65277
1601	0.0473817	0.65277
1602	0.059973	0.65277
1604	0.107267	0.65277
1653	0.0977736	0.668184
1605	0.133961	0.65277
1606	0.149588	0.65277
1607	0.170829	0.65277
1608	0.19382	0.65277
1609	0.212273	0.65277
1610	0.224729	0.65277
1611	0.246434	0.65277
1612	0.269338	0.65277
1613	0.281672	0.65277
1614	0.307034	0.65277
1615	0.332162	0.65277
1617	0.374827	0.65277
1618	0.397653	0.65277
1619	0.421078	0.65277
1669	0.41244	0.668184
1620	0.446148	0.65277
1621	0.46457	0.65277
1671	0.454771	0.668184
1622	0.490223	0.65277
1623	0.51387	0.65277
1624	0.531812	0.65277
1625	0.548035	0.65277
1626	0.571937	0.65277
1627	0.591166	0.65277
1628	0.611535	0.65277
1577	0.63331	0.627361
0	0	0
1578	0.653107	0.627361
1579	0.675271	0.627361
1580	0.690093	0.627361
1581	0.708539	0.627361
1583	0.741692	0.627361
1584	0.754881	0.627361
1585	0.769848	0.627361
1586	0.793495	0.627361
1535	0.825639	0.600174
1587	0.817245	0.627361
1589	0.850536	0.627361
1590	0.865931	0.627361
1591	0.889324	0.627361
1592	0.905857	0.627361
1593	0.930567	0.627361
1595	0.970529	0.627361
1596	0.98511	0.627361
0	0	0
1600	0.029654	0.65277
1648	0	0.668184
1603	0.0793336	0.65277
1650	0.0456955	0.668184
0	0	0
0	0	0
1654	0.122632	0.668184
1655	0.139457	0.668184
1657	0.171282	0.668184
1658	0.198451	0.668184
1659	0.211453	0.668184
1660	0.233817	0.668184
1661	0.256719	0.668184
0	0	0
1662	0.284506	0.668184
1663	0.297044	0.668184
1616	0.349026	0.65277
1664	0.324418	0.668184
1665	0.346095	0.668184
1667	0.377881	0.668184
1668	0.397884	0.668184
1670	0.43011	0.668184
0	0	0
1672	0.471525	0.668184
0	0	0
1673	0.48663	0.668184
1674	0.501281	0.668184
1676	0.528746	0.668184
1677	0.549465	0.668184
1678	0.570216	0.668184
1679	0.59124	0.668184
1629	0.628491	0.65277
1630	0.651561	0.65277
1631	0.672963	0.65277
1682	0.656787	0.668184
1632	0.69244	0.65277
1633	0.713217	0.65277
1683	0.681484	0.668184
1634	0.731294	0.65277
1636	0.772993	0.65277
1637	0.799813	0.65277
1638	0.821339	0.65277
1639	0.8383	0.65277
1640	0.865131	0.65277
1692	0.844626	0.668184
1641	0.885317	0.65277
1642	0.91006	0.65277
1643	0.926701	0.65277
1644	0.952658	0.65277
1645	0.966499	0.65277
1646	0.984594	0.65277
1701	0	0.682414
1702	0.0143853	0.682414
1704	0.0473387	0.682414
1706	0.08589	0.682414
1707	0.0982098	0.682414
1709	0.133454	0.682414
1710	0.157882	0.682414
1711	0.175234	0.682414
1712	0.196523	0.682414
1713	0.209676	0.682414
1714	0.228793	0.682414
1715	0.251594	0.682414
1716	0.275897	0.682414
1717	0.290207	0.682414
1718	0.310416	0.682414
1719	0.322782	0.682414
1720	0.348266	0.682414
1721	0.364187	0.682414
1722	0.379755	0.682414
1723	0.406505	0.682414
1724	0.432359	0.682414
1725	0.453888	0.682414
1726	0.468643	0.682414
1727	0.485326	0.682414
1729	0.529454	0.682414
1730	0.553011	0.682414
1731	0.578353	0.682414
1779	0.563222	0.702902
1732	0.600073	0.682414
1733	0.625139	0.682414
1734	0.645683	0.682414
0	0	0
0	0	0
1684	0.699559	0.668184
1685	0.714383	0.668184
0	0	0
1635	0.75055	0.65277
1688	0.763567	0.668184
1689	0.777851	0.668184
0	0	0
1690	0.800621	0.668184
1691	0.820663	0.668184
1693	0.861828	0.668184
0	0	0
1694	0.883678	0.668184
1697	0.943925	0.668184
0	0	0
1698	0.969412	0.668184
1699	0.985345	0.668184
0	0	0
1703	0.0352879	0.682414
1753	0	0.702902
1705	0.0629018	0.682414
1755	0.0479939	0.702902
1708	0.111239	0.682414
1757	0.102828	0.702902
1759	0.1347	0.702902
0	0	0
0	0	0
1760	0.161943	0.702902
1761	0.181024	0.702902
1762	0.205863	0.702902
1763	0.224357	0.702902
1764	0.244877	0.702902
1765	0.271018	0.702902
1766	0.291162	0.702902
1768	0.336998	0.702902
1769	0.359493	0.702902
0	0	0
1770	0.372277	0.702902
1771	0.387939	0.702902
1772	0.411256	0.702902
1773	0.430171	0.702902
1774	0.452312	0.702902
1775	0.477573	0.702902
1728	0.504307	0.682414
1776	0.498486	0.702902
1777	0.523213	0.702902
1778	0.53878	0.702902
0	0	0
1780	0.580116	0.702902
1781	0.600606	0.702902
1782	0.62492	0.702902
1735	0.658362	0.682414
1736	0.685578	0.682414
1737	0.700408	0.682414
1738	0.718564	0.682414
1739	0.73673	0.682414
1740	0.751425	0.682414
1741	0.779285	0.682414
1789	0.776857	0.702902
0	0	0
1742	0.806108	0.682414
1743	0.828534	0.682414
1744	0.843071	0.682414
1745	0.859311	0.682414
1747	0.892217	0.682414
1748	0.91935	0.682414
1749	0.943506	0.682414
1796	0.932261	0.702902
1750	0.970424	0.682414
1751	0.983927	0.682414
1800	0	0.725908
1801	0.0214476	0.725908
1802	0.0424478	0.725908
1803	0.0579958	0.725908
1805	0.0857527	0.725908
1806	0.098889	0.725908
1807	0.124011	0.725908
1808	0.141651	0.725908
1809	0.162712	0.725908
1810	0.18339	0.725908
1812	0.215019	0.725908
1861	0.214843	0.747473
1813	0.24081	0.725908
1815	0.285764	0.725908
1816	0.301125	0.725908
1817	0.321939	0.725908
1818	0.339671	0.725908
1820	0.371842	0.725908
1821	0.399577	0.725908
1870	0.381687	0.747473
1822	0.422148	0.725908
1823	0.43947	0.725908
1824	0.466121	0.725908
1825	0.489945	0.725908
1826	0.517073	0.725908
1827	0.538911	0.725908
1828	0.555492	0.725908
1877	0.528712	0.747473
1829	0.568986	0.725908
1830	0.583003	0.725908
1831	0.601629	0.725908
1833	0.642058	0.725908
1834	0.657344	0.725908
1836	0.692962	0.725908
1785	0.696932	0.702902
1786	0.718925	0.702902
1787	0.73416	0.702902
1788	0.757777	0.702902
0	0	0
0	0	0
1790	0.800934	0.702902
1746	0.879924	0.682414
1792	0.854126	0.702902
1794	0.897677	0.702902
1795	0.919969	0.702902
1797	0.953842	0.702902
0	0	0
1798	0.974642	0.702902
0	0	0
1851	0	0.747473
1852	0.0244057	0.747473
1804	0.0727761	0.725908
1853	0.0473562	0.747473
1855	0.0851764	0.747473
1856	0.11109	0.747473
1857	0.133521	0.747473
1858	0.151893	0.747473
1811	0.197169	0.725908
1862	0.235422	0.747473
0	0	0
1814	0.263505	0.725908
1863	0.249655	0.747473
1865	0.283097	0.747473
1866	0.299892	0.747473
1819	0.352157	0.725908
1868	0.328856	0.747473
0	0	0
0	0	0
1871	0.40521	0.747473
1872	0.419885	0.747473
1874	0.451378	0.747473
1876	0.504384	0.747473
0	0	0
1878	0.547436	0.747473
0	0	0
1879	0.565188	0.747473
1880	0.591823	0.747473
1832	0.624004	0.725908
1881	0.612059	0.747473
1835	0.672969	0.725908
1837	0.715221	0.725908
1838	0.741997	0.725908
1887	0.732598	0.747473
1839	0.765	0.725908
1840	0.79085	0.725908
1889	0.771328	0.747473
1841	0.810974	0.725908
1842	0.835637	0.725908
1843	0.857189	0.725908
1894	0.858871	0.747473
1844	0.882798	0.725908
1845	0.905332	0.725908
1896	0.891935	0.747473
1846	0.921978	0.725908
1848	0.963992	0.725908
1849	0.978066	0.725908
1902	0	0.763985
1903	0.0258261	0.763985
1904	0.0487459	0.763985
1905	0.0641449	0.763985
1906	0.0782226	0.763985
1907	0.105717	0.763985
1958	0.0956832	0.778739
1908	0.131193	0.763985
1909	0.144275	0.763985
1910	0.161155	0.763985
1912	0.21449	0.763985
1913	0.238974	0.763985
1914	0.255392	0.763985
1967	0.256714	0.778739
1915	0.282143	0.763985
1916	0.309833	0.763985
1917	0.323875	0.763985
1918	0.340385	0.763985
1919	0.365847	0.763985
1920	0.380598	0.763985
1921	0.399408	0.763985
1922	0.421159	0.763985
1975	0.41546	0.778739
1923	0.444044	0.763985
1925	0.494121	0.763985
1926	0.515857	0.763985
1927	0.540949	0.763985
1981	0.53168	0.778739
1928	0.564697	0.763985
1931	0.620744	0.763985
1932	0.635728	0.763985
1933	0.654159	0.763985
1934	0.671307	0.763985
1935	0.691552	0.763985
1936	0.713484	0.763985
1937	0.727293	0.763985
1888	0.755719	0.747473
0	0	0
1890	0.784013	0.747473
0	0	0
1891	0.80494	0.747473
1892	0.817469	0.747473
1895	0.871607	0.747473
0	0	0
1897	0.905779	0.747473
0	0	0
1847	0.941095	0.725908
1898	0.933249	0.747473
1899	0.960165	0.747473
1900	0.983263	0.747473
1953	0	0.778739
1954	0.0160128	0.778739
1955	0.035767	0.778739
1956	0.0560533	0.778739
1957	0.0725628	0.778739
2011	0.0967443	0.791878
1959	0.122904	0.778739
1960	0.140704	0.778739
1961	0.154085	0.778739
1911	0.188963	0.763985
1962	0.166886	0.778739
1964	0.203162	0.778739
1968	0.276812	0.778739
2018	0.245183	0.791878
1969	0.302609	0.778739
1970	0.316799	0.778739
1971	0.33873	0.778739
2022	0.33319	0.791878
1972	0.362483	0.778739
1973	0.386228	0.778739
1976	0.438468	0.778739
2026	0.422788	0.791878
1924	0.467738	0.763985
1977	0.462915	0.778739
1978	0.485577	0.778739
1979	0.501143	0.778739
1982	0.547607	0.778739
2032	0.541126	0.791878
0	0	0
1929	0.579429	0.763985
1930	0.596996	0.763985
1985	0.60683	0.778739
1986	0.627098	0.778739
1987	0.640108	0.778739
1990	0.695829	0.778739
1991	0.715749	0.778739
1938	0.741051	0.763985
1939	0.761025	0.763985
1940	0.777754	0.763985
1942	0.811643	0.763985
1943	0.83692	0.763985
1996	0.819999	0.778739
1944	0.859223	0.763985
1946	0.892517	0.763985
1947	0.908048	0.763985
1948	0.922134	0.763985
1949	0.945038	0.763985
1950	0.960055	0.763985
1951	0.982964	0.763985
2054	0	0.807139
2057	0.0506762	0.807139
2058	0.0653243	0.807139
2059	0.0844221	0.807139
2060	0.0986907	0.807139
2062	0.144602	0.807139
2112	0.141107	0.832784
2113	0.158813	0.832784
2063	0.168458	0.807139
2065	0.203262	0.807139
2066	0.22966	0.807139
2067	0.257169	0.807139
2118	0.248727	0.832784
2068	0.281534	0.807139
2070	0.333447	0.807139
2123	0.345035	0.832784
0	0	0
2071	0.360493	0.807139
2072	0.37626	0.807139
2074	0.41654	0.807139
2126	0.411982	0.832784
2075	0.443813	0.807139
2076	0.467613	0.807139
2077	0.490224	0.807139
2078	0.50456	0.807139
2080	0.538375	0.807139
2132	0.539874	0.832784
0	0	0
2081	0.563601	0.807139
2082	0.588352	0.807139
2083	0.612539	0.807139
2084	0.62629	0.807139
2085	0.642035	0.807139
2086	0.656817	0.807139
2088	0.698538	0.807139
2089	0.716365	0.807139
2090	0.738268	0.807139
2091	0.756696	0.807139
2092	0.77894	0.807139
1941	0.793245	0.763985
1994	0.772843	0.778739
1995	0.79661	0.778739
2044	0.802503	0.791878
2045	0.827725	0.791878
1945	0.87608	0.763985
1999	0.88522	0.778739
2000	0.903358	0.778739
2001	0.915613	0.778739
2002	0.93894	0.778739
2050	0.935002	0.791878
2003	0.961184	0.778739
2004	0.975015	0.778739
2051	0.960367	0.791878
2055	0.014607	0.807139
2056	0.0278927	0.807139
2107	0.0493592	0.832784
2108	0.0634173	0.832784
2061	0.11994	0.807139
0	0	0
0	0	0
0	0	0
2064	0.182961	0.807139
2114	0.178251	0.832784
2116	0.212215	0.832784
2119	0.266448	0.832784
0	0	0
0	0	0
2069	0.307573	0.807139
2120	0.285939	0.832784
0	0	0
0	0	0
2073	0.394331	0.807139
2124	0.372264	0.832784
2127	0.432667	0.832784
0	0	0
0	0	0
2128	0.450933	0.832784
2129	0.469695	0.832784
2079	0.519236	0.807139
2130	0.493963	0.832784
0	0	0
0	0	0
2133	0.564811	0.832784
2135	0.609589	0.832784
2136	0.627968	0.832784
2087	0.676171	0.807139
2137	0.650345	0.832784
2138	0.677719	0.832784
2139	0.695748	0.832784
2140	0.723022	0.832784
2141	0.744484	0.832784
2142	0.764953	0.832784
2042	0.765912	0.791878
2043	0.784639	0.791878
0	0	0
0	0	0
0	0	0
1997	0.843839	0.778739
1998	0.86487	0.778739
2048	0.888255	0.791878
2049	0.914433	0.791878
0	0	0
0	0	0
2052	0.978738	0.791878
2105	0	0.832784
2106	0.0274497	0.832784
0	0	0
0	0	0
2109	0.0809976	0.832784
2110	0.10044	0.832784
0	0	0
0	0	0
2115	0.196245	0.832784
2117	0.23062	0.832784
0	0	0
0	0	0
0	0	0
0	0	0
2121	0.299965	0.832784
0	0	0
0	0	0
2125	0.387124	0.832784
0	0	0
0	0	0
0	0	0
0	0	0
2131	0.512598	0.832784
0	0	0
0	0	0
0	0	0
2134	0.585596	0.832784
0	0	0
0	0	0
0	0	0
0	0	0
0	0	0
0	0	0
0	0	0
0	0	0
2143	0.789676	0.832784
2093	0.806618	0.807139
2094	0.832181	0.807139
2144	0.807832	0.832784
2095	0.859027	0.807139
2096	0.872732	0.807139
2097	0.891161	0.807139
2098	0.907221	0.807139
2149	0.891872	0.832784
2099	0.923845	0.807139
2102	0.971425	0.807139
2103	0.984605	0.807139
2156	0	0.856026
2157	0.0207381	0.856026
2158	0.0454606	0.856026
2160	0.088075	0.856026
2161	0.110627	0.856026
2162	0.129887	0.856026
2164	0.175166	0.856026
2165	0.189563	0.856026
0	0	0
2166	0.210254	0.856026
2168	0.254371	0.856026
0	0	0
2169	0.281516	0.856026
2170	0.298859	0.856026
2171	0.316402	0.856026
2172	0.330116	0.856026
2174	0.383404	0.856026
0	0	0
2175	0.404282	0.856026
2176	0.42241	0.856026
2177	0.442636	0.856026
2178	0.468239	0.856026
0	0	0
2179	0.487066	0.856026
2180	0.501048	0.856026
2181	0.524391	0.856026
2182	0.545259	0.856026
2183	0.570471	0.856026
2185	0.60957	0.856026
2186	0.626323	0.856026
2187	0.640675	0.856026
2188	0.653478	0.856026
2190	0.703064	0.856026
2191	0.716364	0.856026
2192	0.742658	0.856026
2193	0.756212	0.856026
0	0	0
2194	0.777983	0.856026
2195	0.79097	0.856026
2196	0.805104	0.856026
2145	0.821037	0.832784
2146	0.837262	0.832784
2147	0.857292	0.832784
2148	0.871207	0.832784
2150	0.906158	0.832784
0	0	0
0	0	0
2100	0.943807	0.807139
2101	0.958479	0.807139
2153	0.961839	0.832784
2154	0.976375	0.832784
0	0	0
0	0	0
2159	0.0643065	0.856026
0	0	0
0	0	0
0	0	0
0	0	0
2163	0.150714	0.856026
0	0	0
0	0	0
2167	0.227917	0.856026
0	0	0
0	0	0
0	0	0
0	0	0
0	0	0
2173	0.357563	0.856026
0	0	0
0	0	0
0	0	0
0	0	0
0	0	0
0	0	0
0	0	0
0	0	0
0	0	0
2184	0.586662	0.856026
0	0	0
0	0	0
0	0	0
0	0	0
2189	0.679231	0.856026
0	0	0
0	0	0
0	0	0
0	0	0
0	0	0
0	0	0
0	0	0
2197	0.832224	0.856026
2198	0.844689	0.856026
2199	0.871451	0.856026
2200	0.886601	0.856026
2201	0.911931	0.856026
2202	0.925153	0.856026
2203	0.950013	0.856026
2204	0.962164	0.856026
2205	0.98139	0.856026
2207	0	0.880511
2208	0.0252519	0.880511
2210	0.0523755	0.880511
2211	0.0669351	0.880511
2212	0.0883558	0.880511
2214	0.121174	0.880511
2215	0.141082	0.880511
2264	0.126902	0.905752
2216	0.168612	0.880511
2217	0.180794	0.880511
2218	0.203143	0.880511
2220	0.24009	0.880511
2221	0.263022	0.880511
2223	0.297232	0.880511
2224	0.319755	0.880511
2225	0.342179	0.880511
2275	0.332635	0.905752
2226	0.3642	0.880511
2227	0.389244	0.880511
2228	0.408642	0.880511
2229	0.432109	0.880511
2230	0.449782	0.880511
2231	0.474189	0.880511
2232	0.492575	0.880511
2233	0.51575	0.880511
2283	0.493041	0.905752
2234	0.532558	0.880511
2235	0.551932	0.880511
2236	0.566822	0.880511
2237	0.588674	0.880511
2238	0.607667	0.880511
2239	0.625491	0.880511
2240	0.647057	0.880511
2241	0.671717	0.880511
2242	0.687065	0.880511
2243	0.705647	0.880511
2244	0.726993	0.880511
2245	0.751552	0.880511
2246	0.769266	0.880511
2247	0.791219	0.880511
2248	0.817079	0.880511
2249	0.838123	0.880511
2250	0.850583	0.880511
2252	0.89262	0.880511
2253	0.917769	0.880511
2305	0.894145	0.905752
2254	0.937227	0.880511
2255	0.95022	0.880511
2256	0.977705	0.880511
2309	0.96872	0.905752
2312	0	0.931804
2313	0.0277661	0.931804
2314	0.044214	0.931804
2315	0.0719166	0.931804
2316	0.0896312	0.931804
2317	0.110941	0.931804
2318	0.137688	0.931804
2319	0.152108	0.931804
2368	0.128071	0.945179
2320	0.169616	0.931804
2321	0.193362	0.931804
2322	0.21038	0.931804
2324	0.252402	0.931804
2325	0.275704	0.931804
2326	0.296199	0.931804
2377	0.284158	0.945179
2327	0.320513	0.931804
2328	0.347983	0.931804
2329	0.375735	0.931804
2330	0.396626	0.931804
2331	0.410419	0.931804
2332	0.433721	0.931804
2333	0.452318	0.931804
2334	0.472184	0.931804
2335	0.486925	0.931804
2336	0.50455	0.931804
2337	0.528332	0.931804
2338	0.549212	0.931804
2339	0.568117	0.931804
2340	0.588913	0.931804
2341	0.604345	0.931804
2342	0.63031	0.931804
2343	0.647256	0.931804
2344	0.661817	0.931804
2345	0.680952	0.931804
2346	0.702853	0.931804
2347	0.728768	0.931804
2348	0.752383	0.931804
2349	0.765628	0.931804
2350	0.785914	0.931804
2351	0.804929	0.931804
2352	0.821257	0.931804
2353	0.841978	0.931804
2356	0.893275	0.931804
2306	0.915499	0.905752
0	0	0
0	0	0
2307	0.940607	0.905752
2310	0.981574	0.905752
0	0	0
2362	0	0.945179
2363	0.0155958	0.945179
2365	0.0525479	0.945179
2366	0.0760194	0.945179
0	0	0
2367	0.103873	0.945179
0	0	0
2369	0.145322	0.945179
0	0	0
2370	0.165488	0.945179
2371	0.181673	0.945179
2323	0.236147	0.931804
2372	0.206541	0.945179
2375	0.251246	0.945179
2376	0.267273	0.945179
2378	0.304871	0.945179
0	0	0
2379	0.322627	0.945179
2380	0.344453	0.945179
2381	0.362155	0.945179
2382	0.37893	0.945179
2384	0.416278	0.945179
2385	0.433712	0.945179
2386	0.449209	0.945179
2387	0.472891	0.945179
2388	0.487416	0.945179
2389	0.503643	0.945179
0	0	0
2390	0.522784	0.945179
2391	0.548998	0.945179
2392	0.570945	0.945179
2393	0.593644	0.945179
0	0	0
2394	0.605815	0.945179
2395	0.62363	0.945179
2397	0.658992	0.945179
2398	0.674926	0.945179
2399	0.701532	0.945179
0	0	0
2400	0.726298	0.945179
2401	0.75162	0.945179
2402	0.765496	0.945179
2403	0.781039	0.945179
2405	0.818931	0.945179
2406	0.832712	0.945179
2354	0.858014	0.931804
2355	0.878152	0.931804
2357	0.913271	0.931804
2358	0.938037	0.931804
2410	0.927281	0.945179
2359	0.96373	0.931804
2360	0.984735	0.931804
2415	0	0.963446
2416	0.0277207	0.963446
2417	0.0424869	0.963446
2418	0.0567355	0.963446
2419	0.082168	0.963446
2420	0.106679	0.963446
2421	0.131498	0.963446
2422	0.156474	0.963446
2423	0.172598	0.963446
2424	0.199817	0.963446
2425	0.225939	0.963446
2426	0.24138	0.963446
2427	0.267024	0.963446
2428	0.286849	0.963446
2429	0.299936	0.963446
2430	0.327286	0.963446
2431	0.349318	0.963446
2432	0.368036	0.963446
2433	0.391062	0.963446
2434	0.408401	0.963446
2435	0.426078	0.963446
2436	0.453936	0.963446
2437	0.478592	0.963446
2438	0.496048	0.963446
2439	0.509887	0.963446
2440	0.525117	0.963446
2441	0.539865	0.963446
2442	0.563067	0.963446
2443	0.589633	0.963446
2444	0.602703	0.963446
2445	0.618156	0.963446
2447	0.656256	0.963446
2448	0.676626	0.963446
2449	0.701392	0.963446
2502	0.694783	0.977504
2450	0.721045	0.963446
2451	0.738303	0.963446
2453	0.769131	0.963446
2454	0.78337	0.963446
2506	0.769243	0.977504
2455	0.803653	0.963446
2456	0.819806	0.963446
2458	0.862128	0.963446
2460	0.902761	0.963446
2513	0.89549	0.977504
2461	0.922998	0.963446
2411	0.940142	0.945179
0	0	0
0	0	0
2412	0.965034	0.945179
2413	0.977287	0.945179
2466	0	0.977504
2469	0.0643383	0.977504
2470	0.0788886	0.977504
2471	0.105505	0.977504
0	0	0
2472	0.129577	0.977504
2473	0.142221	0.977504
0	0	0
2474	0.168639	0.977504
2475	0.184353	0.977504
2476	0.209068	0.977504
2477	0.221885	0.977504
2479	0.262325	0.977504
0	0	0
2480	0.283343	0.977504
2481	0.311086	0.977504
0	0	0
2482	0.333462	0.977504
2483	0.348346	0.977504
2484	0.369977	0.977504
2485	0.382077	0.977504
2487	0.41223	0.977504
2488	0.431205	0.977504
2489	0.451099	0.977504
2490	0.464015	0.977504
2492	0.502146	0.977504
0	0	0
2493	0.527205	0.977504
2494	0.540918	0.977504
2495	0.555909	0.977504
2496	0.578958	0.977504
0	0	0
2446	0.637727	0.963446
2499	0.647629	0.977504
2500	0.661297	0.977504
2503	0.711532	0.977504
0	0	0
0	0	0
2452	0.756477	0.963446
2504	0.733451	0.977504
2507	0.786882	0.977504
2457	0.835144	0.963446
2508	0.802539	0.977504
2459	0.877812	0.963446
2510	0.843629	0.977504
2514	0.916527	0.977504
0	0	0
2462	0.936579	0.963446
2464	0.975943	0.963446
2516	0.967672	0.977504
2519	0.014086	1
2520	0.0300056	1
2521	0.0546012	1
2522	0.0678824	1
2523	0.0832424	1
2524	0.111136	1
2525	0.123579	1
2526	0.14454	1
2528	0.182963	1
2530	0.222423	1
0	0	0
2531	0.245406	1
2532	0.257935	1
2534	0.297191	1
2535	0.309255	1
2536	0.329573	1
2537	0.353599	1
2538	0.37184	1
2539	0.399188	1
2540	0.424645	1
0	0	0
2541	0.449455	1
2542	0.469273	1
2543	0.482512	1
2544	0.507203	1
2545	0.525235	1
2546	0.54365	1
2547	0.565214	1
2548	0.59187	1
0	0	0
2549	0.613346	1
2550	0.626944	1
2551	0.641819	1
2553	0.686502	1
2554	0.713037	1
0	0	0
2555	0.736598	1
2556	0.752256	1
2557	0.775556	1
2558	0.791744	1
0	0	0
2559	0.806977	1
2560	0.8245	1
2562	0.867155	1
2563	0.894045	1
2564	0.913164	1
0	0	0
2565	0.937549	1
2567	0.967002	1
2517	0.980064	0.977504
0	0	0
0	0	0
0	0	0
0	0	0
0	0	0
0	0	0
0	0	0
2527	0.159598	1
0	0	0
2529	0.196954	1
0	0	0
0	0	0
0	0	0
2533	0.273777	1
0	0	0
0	0	0
0	0	0
0	0	0
0	0	0
0	0	0
0	0	0
0	0	0
0	0	0
0	0	0
0	0	0
0	0	0
0	0	0
0	0	0
0	0	0
0	0	0
0	0	0
0	0	0
0	0	0
0	0	0
0	0	0
2552	0.669737	1
0	0	0
0	0	0
0	0	0
0	0	0
0	0	0
0	0	0
0	0	0
2561	0.839217	1
0	0	0
0	0	0
0	0	0
0	0	0
0	0	0
2566	0.952641	1
0	0	0
2568	0.982609	1
