-1.79427e-005
1.8093e-005
3.06615e-005
7.26901e-005
5.23989e-005
6.1543e-018
-6.77759e-006
-6.23955e-018
5.94562e-006
8.4569e-006
9.80075e-006
7.17158e-006
4.98986e-006
7.52655e-006
1.02457e-005
6.86424e-006
3.37292e-006
2.12646e-006
2.71352e-006
7.92852e-006
6.13944e-006
5.6319e-006
6.85404e-006
2.43648e-006
4.36663e-006
7.61355e-006
7.63673e-006
5.46098e-006
6.89454e-006
1.18746e-005
1.32316e-005
1.2221e-005
4.37078e-006
6.29554e-006
4.01487e-006
4.81095e-006
7.43115e-006
9.15832e-006
5.06596e-006
8.12516e-006
6.99726e-006
4.87534e-006
7.39664e-006
2.14388e-005
1.55557e-005
1.3232e-005
4.58533e-005
1.93871e-005
7.41541e-005
8.9811e-005
0.000102603
-1.25283e-005
7.11725e-005
0.00204865
0.00336304
0.00518442
0.00633428
0.00728763
0.00859583
0.00995865
0.0110963
0.0117468
0.0124097
0.0131751
0.0136197
0.0140219
0.0143376
0.0146173
0.0149369
0.0151925
0.0155764
0.0159555
0.0162494
0.0163724
0.0165607
0.0166605
0.0167249
0.0167917
0.0168188
0.016799
0.0167517
0.0166297
0.0164675
0.0162244
0.0160834
0.0158943
0.0156144
0.0153787
0.014988
0.0144866
0.0139657
0.0133932
0.0128032
0.0122781
0.0116707
0.0107304
0.00999142
0.0090884
0.00832388
0.00703084
0.00617122
0.00498778
0.00322011
0.00199179
4.92079e-005
5.53517e-005
0.00261126
0.00564134
0.00788113
0.0106183
0.0118703
0.0136363
0.0156268
0.0170456
0.0179595
0.0186908
0.0194346
0.0205697
0.0212047
0.0219385
0.0225467
0.0231866
0.0239793
0.0245799
0.0251581
0.0254865
0.025815
0.0261837
0.0264055
0.026598
0.0267792
0.0268598
0.0269349
0.0269424
0.0268838
0.0268032
0.0266359
0.0265074
0.0262022
0.0260051
0.025598
0.0251803
0.024857
0.0241726
0.0235928
0.0229785
0.0219554
0.0213766
0.0207259
0.0198807
0.0185504
0.0173157
0.0159166
0.0143703
0.0130806
0.011208
0.00933926
0.00709702
0.00470567
2.43129e-005
2.20809e-005
0.0046909
0.00991867
0.0140696
0.017299
0.0202019
0.0217013
0.0230922
0.0255731
0.0277047
0.0296411
0.0310259
0.0324283
0.0334602
0.0342716
0.0349356
0.0362291
0.0367776
0.0375924
0.0382858
0.0388598
0.0391506
0.0394166
0.0397017
0.039982
0.0401287
0.0402365
0.0402427
0.0401938
0.0401059
0.039893
0.0396418
0.0392598
0.0387749
0.0382406
0.0376172
0.0366284
0.0354377
0.034636
0.0337733
0.0323199
0.0312688
0.0300408
0.028539
0.0268399
0.0253295
0.0236875
0.0209448
0.0182016
0.0142282
0.0121895
0.00931329
0.00434295
1.11505e-005
8.93512e-006
0.00668992
0.011066
0.0164899
0.0195214
0.022368
0.0263147
0.0292745
0.0313898
0.0344263
0.0357892
0.0382062
0.0394524
0.0405998
0.0423362
0.0436341
0.044864
0.0459562
0.0465861
0.0474294
0.0477639
0.0481211
0.0484157
0.0485484
0.0486471
0.0487145
0.048671
0.0484767
0.0482395
0.0477133
0.0473051
0.0466133
0.0456017
0.0448683
0.0437015
0.0424285
0.0410997
0.0390779
0.0375494
0.036201
0.0337317
0.0320518
0.0299539
0.0261961
0.0234154
0.019708
0.0156661
0.012088
0.0090167
0.00524184
1.13801e-005
3.08328e-005
0.00677315
0.0120815
0.0188524
0.0236143
0.0267845
0.0317045
0.0355785
0.0379867
0.0406495
0.043487
0.0448933
0.0467202
0.0479676
0.0499478
0.0514301
0.0528797
0.0540407
0.0547218
0.0554485
0.0564125
0.0570186
0.0572931
0.0576431
0.0577955
0.0577989
0.0577405
0.0574744
0.0570548
0.0567079
0.0560957
0.0551856
0.0543859
0.0530277
0.0519296
0.0503819
0.0489984
0.0466665
0.0439996
0.0420758
0.0397667
0.0367375
0.0328528
0.0283896
0.0230137
0.0176951
0.0136485
0.00836225
3.01349e-005
-1.1035e-017
0.00873072
0.014975
0.0222338
0.0286771
0.0344907
0.0385443
0.0419047
0.0457785
0.0479772
0.0513603
0.0536978
0.0561352
0.0576052
0.0593397
0.0618075
0.0629244
0.0642382
0.0653339
0.0664771
0.0674509
0.0682063
0.068715
0.0691144
0.0693983
0.0694397
0.0693151
0.0691276
0.0687243
0.0679443
0.0671472
0.0665832
0.0656372
0.0645508
0.0626926
0.061381
0.0596265
0.0584015
0.0556611
0.0532902
0.0502228
0.0464613
0.0433879
0.0399855
0.034397
0.0280718
0.0233
0.0184394
0.0122321
0.00724876
3.64546e-005
1.82362e-005
0.00742455
0.0158111
0.0230591
0.0300705
0.0373175
0.0431874
0.0467955
0.050344
0.0537031
0.0560654
0.0601402
0.0625896
0.0648043
0.0676085
0.0690102
0.0704461
0.071844
0.0742749
0.075821
0.0772386
0.078457
0.0789917
0.0796341
0.0801968
0.0804675
0.0805178
0.0804477
0.080236
0.0798748
0.0794857
0.0788686
0.0778821
0.0770316
0.0761159
0.0752256
0.0735722
0.072269
0.0701734
0.0684694
0.0655765
0.0631729
0.0611922
0.0584923
0.0538464
0.0510652
0.0461081
0.0414774
0.035089
0.0301088
0.0225899
0.0162127
0.010579
1.80041e-017
1.88926e-005
0.00619858
0.0153591
0.0231646
0.0290383
0.0378314
0.0433266
0.0482783
0.0537816
0.0588692
0.0625696
0.0663107
0.0708043
0.0735075
0.0772579
0.0799755
0.08138
0.0834012
0.085054
0.0870204
0.0883831
0.0892721
0.0898673
0.0904169
0.0908012
0.0908535
0.0905514
0.0898411
0.089138
0.0880562
0.0869283
0.0857511
0.0839315
0.0813256
0.0799283
0.0776311
0.0760221
0.0740562
0.0710937
0.0680174
0.0638192
0.0597425
0.0534095
0.0487974
0.0432854
0.0367049
0.0280627
0.0235281
0.0176058
0.00828503
-7.30499e-018
1.29509e-005
0.00799983
0.0159803
0.0231636
0.0284789
0.0374308
0.0433999
0.0496382
0.0563006
0.062163
0.0661152
0.0714401
0.0742191
0.0776974
0.0814492
0.0846327
0.0881375
0.0905789
0.0920694
0.0936013
0.095025
0.0968646
0.0976284
0.0982765
0.0988671
0.099422
0.0997371
0.0996081
0.0992811
0.0986235
0.0978155
0.0962241
0.0946097
0.0930425
0.0904503
0.0883328
0.0865783
0.0847981
0.0808548
0.0760192
0.0722186
0.0694148
0.0647516
0.0583766
0.0509429
0.0434569
0.0355576
0.0248731
0.016744
0.011301
7.91296e-006
1.69565e-005
0.00794849
0.0190604
0.0257099
0.034886
0.0443372
0.0508842
0.0562221
0.0619463
0.0682089
0.073702
0.079324
0.0831666
0.0865598
0.0894188
0.093419
0.0954662
0.0981179
0.099917
0.101519
0.102932
0.104378
0.104994
0.105643
0.105891
0.105963
0.105591
0.105226
0.104404
0.10374
0.102584
0.101576
0.100192
0.0987008
0.0973361
0.0958836
0.0924308
0.088592
0.086053
0.0837036
0.0783933
0.0737079
0.0676833
0.0604789
0.0562992
0.0482181
0.0396099
0.0291288
0.0229211
0.0116998
-4.89701e-017
-1.87098e-018
0.0113205
0.0211344
0.0335176
0.0393185
0.0499431
0.0595198
0.0647922
0.068557
0.0761503
0.0797993
0.0849132
0.0899311
0.0932532
0.0967005
0.1009
0.10378
0.106837
0.108805
0.110039
0.111154
0.112124
0.112886
0.113285
0.113317
0.113038
0.11261
0.111548
0.109903
0.108682
0.106555
0.104542
0.101006
0.0972672
0.0951787
0.0909014
0.0859753
0.0808409
0.0741411
0.0662749
0.0623964
0.0559932
0.0502635
0.0440834
0.0353525
0.0279948
0.0187761
0.00832428
9.0432e-006
1.05692e-005
0.00860011
0.0191862
0.0264343
0.0327963
0.0406288
0.049648
0.0582833
0.0656403
0.0708357
0.0779014
0.0819778
0.0860481
0.089611
0.0940669
0.0993057
0.102307
0.104589
0.107239
0.110074
0.11282
0.114675
0.116197
0.116962
0.117689
0.118173
0.118443
0.118305
0.117879
0.116952
0.116195
0.115001
0.113638
0.111702
0.10973
0.107278
0.10354
0.0999025
0.0970733
0.0932419
0.0897934
0.0863113
0.081313
0.0763905
0.0712923
0.0670347
0.0583405
0.0538494
0.0488378
0.0422697
0.0306623
0.023418
0.0122789
2.51797e-017
1.09528e-005
0.0113792
0.0221735
0.0307557
0.0376775
0.0476159
0.0537184
0.0593381
0.0676684
0.0768101
0.0824393
0.0894649
0.0941917
0.100457
0.105969
0.108969
0.111706
0.114258
0.116442
0.118883
0.120045
0.121483
0.123011
0.123598
0.124217
0.124519
0.124542
0.124341
0.123832
0.122731
0.12134
0.12003
0.118009
0.116552
0.11491
0.111158
0.106767
0.102073
0.0985
0.0931872
0.0897879
0.0824698
0.0743179
0.06835
0.0638636
0.058213
0.0499703
0.0410397
0.0293281
0.017838
0.00984668
1.58574e-005
7.98482e-006
0.0100128
0.0208504
0.0346733
0.0454819
0.0573867
0.0640941
0.0722176
0.078234
0.0852661
0.0909523
0.0946896
0.0999057
0.102984
0.108014
0.111528
0.113704
0.116654
0.118906
0.121213
0.123336
0.124989
0.126646
0.128006
0.128648
0.12922
0.129791
0.129831
0.129405
0.128754
0.128157
0.127367
0.125948
0.124866
0.122523
0.119226
0.116011
0.112938
0.109281
0.105083
0.101709
0.0969247
0.0925699
0.0854168
0.0802081
0.0714017
0.0660467
0.0597046
0.0532819
0.0407164
0.0274923
0.0167945
0.00839487
1.06482e-005
5.772e-007
0.011976
0.0262302
0.0346621
0.0474036
0.0534649
0.0622377
0.0714789
0.0762871
0.0842329
0.0882117
0.0964355
0.0999526
0.106671
0.111655
0.116481
0.119169
0.12301
0.124699
0.126709
0.12911
0.131064
0.132602
0.133532
0.13414
0.134217
0.133658
0.132584
0.130786
0.128441
0.126822
0.123705
0.121096
0.118611
0.115215
0.111481
0.108282
0.104943
0.0989444
0.0936657
0.0857018
0.0764073
0.0668093
0.0584672
0.0482186
0.0419239
0.0291061
0.0206749
0.010843
6.44659e-006
-5.70967e-007
0.0163673
0.0312619
0.0378518
0.0491554
0.0573811
0.0688954
0.0755904
0.0817361
0.0872915
0.0937472
0.0989598
0.104315
0.108491
0.11239
0.115919
0.120065
0.122943
0.125735
0.128761
0.130546
0.132341
0.133821
0.134588
0.13539
0.136226
0.136432
0.136181
0.135678
0.134812
0.134082
0.132991
0.131008
0.128203
0.126573
0.122608
0.118686
0.113161
0.110383
0.106402
0.10221
0.0977435
0.0914436
0.0860059
0.0802168
0.0710522
0.0651059
0.0580728
0.0522384
0.0403087
0.0285487
0.0177445
0.0104196
5.05954e-006
-2.41983e-007
0.0144406
0.0253273
0.0334421
0.0420833
0.0482145
0.0582677
0.0644772
0.0736349
0.0828632
0.0919042
0.0974496
0.105003
0.111258
0.115263
0.119743
0.12471
0.12809
0.130677
0.133333
0.135994
0.137885
0.138624
0.139301
0.139714
0.139836
0.13967
0.138873
0.138093
0.136808
0.134845
0.132915
0.130011
0.126838
0.122967
0.120076
0.115548
0.112734
0.107336
0.100669
0.0938412
0.0875789
0.078746
0.0677971
0.0603244
0.0539211
0.0457137
0.0355412
0.0215227
0.00904873
7.61944e-006
-1.84951e-008
0.016106
0.026574
0.0356704
0.047678
0.0610159
0.0668877
0.0755446
0.0825172
0.0898606
0.0985556
0.105848
0.110263
0.114416
0.118837
0.124247
0.128087
0.131032
0.134118
0.136942
0.138201
0.139733
0.141173
0.141734
0.1422
0.142146
0.141401
0.14033
0.139325
0.137874
0.136328
0.134435
0.132492
0.130093
0.12768
0.123451
0.118692
0.115724
0.11013
0.10337
0.0951166
0.0899249
0.07966
0.0718113
0.0633737
0.0578224
0.0476016
0.0385731
0.0302584
0.0138604
4.50814e-006
1.96857e-008
0.0136482
0.0269316
0.0400742
0.0470382
0.0568872
0.0644185
0.0706241
0.0818905
0.0906313
0.0968271
0.100764
0.107575
0.111834
0.118303
0.12422
0.127667
0.130669
0.133958
0.135814
0.138204
0.140567
0.142196
0.142993
0.143505
0.143572
0.143346
0.142946
0.14184
0.140808
0.138433
0.13535
0.132788
0.129291
0.12478
0.12142
0.116822
0.112029
0.10523
0.0990523
0.0937053
0.0884596
0.0822942
0.072945
0.0610602
0.051914
0.0389311
0.0253283
0.0119108
8.84673e-006
5.82853e-009
0.0177461
0.0256021
0.0368612
0.0452698
0.0553908
0.0632839
0.0713813
0.079658
0.085994
0.0928215
0.100781
0.106264
0.11265
0.119599
0.123856
0.126917
0.13173
0.133838
0.136288
0.138877
0.141254
0.142895
0.143912
0.144759
0.145056
0.145104
0.144511
0.1436
0.142248
0.140758
0.139081
0.136691
0.134707
0.13283
0.130232
0.126163
0.121288
0.115221
0.108753
0.104551
0.0987989
0.0890685
0.08113
0.075839
0.0667065
0.0562239
0.0430189
0.0312056
0.0208612
0.00886338
1.12276e-005
-7.27488e-008
0.0176664
0.025951
0.0391159
0.0490613
0.0608285
0.067291
0.073544
0.0821285
0.0898985
0.0996589
0.104226
0.10916
0.115165
0.119724
0.124036
0.128931
0.132217
0.135533
0.138836
0.141412
0.143657
0.144686
0.145518
0.146148
0.146474
0.146565
0.146383
0.146077
0.145507
0.144553
0.142415
0.139833
0.137802
0.13548
0.130823
0.127576
0.124268
0.120374
0.114739
0.110766
0.10684
0.100586
0.0947624
0.089013
0.0832121
0.0725849
0.0600757
0.0532197
0.0434447
0.0311976
0.0184845
0.00897365
1.25181e-005
1.47464e-006
0.0157518
0.0259717
0.0347865
0.0495575
0.0630149
0.0743774
0.0814896
0.0862755
0.0936363
0.101635
0.108489
0.116304
0.120907
0.12556
0.130819
0.134816
0.138104
0.139784
0.141866
0.144115
0.145789
0.146586
0.147027
0.146968
0.146417
0.145329
0.144328
0.141922
0.139357
0.136452
0.133902
0.129227
0.124892
0.118447
0.111033
0.102758
0.0957374
0.08587
0.078427
0.0706267
0.0644042
0.0549324
0.0426813
0.0318762
0.0190542
0.00928823
1.45345e-005
5.23348e-006
0.00963938
0.0241897
0.0385405
0.0465182
0.0537364
0.0644564
0.0764828
0.084177
0.0934062
0.101654
0.109649
0.115822
0.122444
0.125327
0.130598
0.134413
0.137553
0.140784
0.143453
0.145514
0.146285
0.147104
0.147356
0.147056
0.146425
0.1456
0.144681
0.14256
0.140814
0.139191
0.13709
0.133068
0.129323
0.124406
0.121509
0.116062
0.10821
0.10416
0.099197
0.0896004
0.0842579
0.0738498
0.0670265
0.0598019
0.0517684
0.0401061
0.0301995
0.022096
0.0103028
1.72515e-005
3.43148e-006
0.0162589
0.025563
0.0401521
0.0545255
0.0656899
0.0727183
0.0841843
0.0926689
0.101297
0.108018
0.113392
0.117052
0.123666
0.128856
0.132467
0.136487
0.139464
0.141724
0.143461
0.145085
0.146251
0.14705
0.147335
0.147176
0.146618
0.145203
0.144061
0.142953
0.141204
0.139487
0.136162
0.13146
0.126975
0.123685
0.118112
0.113099
0.105305
0.096463
0.0874852
0.0812979
0.0703573
0.0621055
0.053975
0.0417612
0.0299597
0.0209152
0.0125684
1.60686e-005
8.95417e-006
0.00820564
0.0221294
0.0309948
0.0451303
0.0524194
0.0629897
0.0720005
0.0811772
0.0885527
0.0952997
0.103262
0.110402
0.114342
0.119542
0.125184
0.129377
0.134345
0.138015
0.139844
0.141897
0.143715
0.145168
0.146026
0.146802
0.147
0.146579
0.145608
0.143936
0.142887
0.141004
0.139407
0.136032
0.133783
0.129909
0.124571
0.119101
0.112172
0.108408
0.101657
0.0942157
0.0856369
0.0754248
0.0635539
0.0565535
0.0465773
0.0338124
0.0202354
0.0122875
1.69734e-005
8.46225e-007
0.016944
0.0253081
0.0368348
0.0498976
0.0583812
0.0647973
0.0752861
0.0859308
0.0947138
0.0999124
0.104701
0.110121
0.113588
0.120135
0.123399
0.12744
0.130564
0.133565
0.136581
0.139007
0.141552
0.143542
0.14467
0.145764
0.14617
0.146065
0.145445
0.144727
0.143581
0.14233
0.139648
0.138079
0.135886
0.132523
0.128752
0.126336
0.123167
0.117538
0.112157
0.106576
0.102055
0.0938767
0.0855207
0.0753448
0.0672466
0.060645
0.0473748
0.034227
0.0191099
0.0101551
9.64907e-006
7.77208e-007
0.0157851
0.0258757
0.0378184
0.047466
0.0572455
0.0694686
0.0753607
0.0854338
0.0942833
0.103483
0.110705
0.115769
0.120855
0.12362
0.126969
0.131003
0.135336
0.13816
0.140801
0.142446
0.143453
0.144344
0.145077
0.145501
0.145272
0.144811
0.143518
0.141986
0.139504
0.137875
0.134574
0.131737
0.129481
0.124343
0.117935
0.112335
0.108069
0.101035
0.0948481
0.0894863
0.0785979
0.0696584
0.0566398
0.0470674
0.032388
0.0226688
0.0126375
1.45483e-005
6.47226e-006
0.00810808
0.0227557
0.0331077
0.0417281
0.0530619
0.0594391
0.0691122
0.0800972
0.0902469
0.0993526
0.107672
0.112027
0.116225
0.122566
0.127182
0.130774
0.13274
0.134717
0.137802
0.139248
0.140383
0.141776
0.142485
0.143382
0.143597
0.143302
0.142777
0.142067
0.141009
0.13876
0.137016
0.133516
0.131545
0.128241
0.123332
0.118082
0.113676
0.109169
0.105077
0.0976395
0.0934331
0.088415
0.0796539
0.0704559
0.0581205
0.0514989
0.0442707
0.0310535
0.018787
0.00919563
7.60836e-006
6.05473e-006
0.0101319
0.0199472
0.0335907
0.0446819
0.0525344
0.0632614
0.0744186
0.0805781
0.0871913
0.0918379
0.100933
0.109023
0.112289
0.116122
0.11947
0.122564
0.127436
0.131079
0.133293
0.135627
0.13764
0.139853
0.140634
0.141831
0.142239
0.142227
0.141617
0.141041
0.139641
0.138454
0.136831
0.133823
0.130846
0.12766
0.122503
0.118413
0.11164
0.10677
0.100751
0.0947128
0.0875069
0.0793879
0.0734327
0.068291
0.0621654
0.0524851
0.0391939
0.0311081
0.0204755
0.00832693
6.30376e-006
1.06805e-005
0.0154511
0.0301052
0.0412498
0.0513989
0.0630596
0.0688253
0.0781595
0.0847736
0.0913694
0.0991487
0.103237
0.110549
0.114572
0.119727
0.123114
0.126282
0.130197
0.132082
0.133759
0.13569
0.136779
0.137641
0.13876
0.139137
0.139024
0.138302
0.137638
0.136898
0.134953
0.133718
0.130799
0.128077
0.124552
0.121907
0.118279
0.114781
0.110786
0.107449
0.103404
0.0964374
0.0886952
0.0814032
0.0765332
0.0703637
0.0602997
0.052654
0.0403729
0.0272059
0.0182534
0.00944344
9.48914e-006
1.22534e-005
0.00919377
0.017989
0.0279372
0.0346538
0.0444433
0.0574507
0.0687198
0.0748133
0.0825314
0.090185
0.0958227
0.0993806
0.105124
0.110584
0.113273
0.11828
0.122569
0.125085
0.128384
0.130764
0.132696
0.134202
0.134942
0.135463
0.13542
0.135053
0.134468
0.133171
0.131748
0.129865
0.127995
0.125002
0.121749
0.118382
0.114344
0.110448
0.105885
0.100015
0.0921843
0.0852278
0.0793036
0.0690876
0.0606969
0.0495384
0.0414641
0.0279207
0.0202037
0.00957075
1.52362e-005
5.99996e-006
0.0120291
0.0266171
0.0335327
0.0401268
0.0523342
0.0630338
0.0697384
0.0767863
0.0812927
0.0900595
0.0939162
0.100057
0.105726
0.111807
0.114272
0.119083
0.122356
0.123978
0.126323
0.128329
0.129556
0.130788
0.132039
0.132582
0.132858
0.132936
0.132851
0.132577
0.131863
0.130768
0.129264
0.127065
0.125556
0.121947
0.118113
0.114913
0.112034
0.109413
0.104947
0.100739
0.0969329
0.0903482
0.0840017
0.0757021
0.0692463
0.0604153
0.053166
0.0457941
0.032124
0.0182634
0.00898327
8.30238e-006
1.0928e-005
0.00869524
0.020591
0.027082
0.0350778
0.0461172
0.0516765
0.0572869
0.0662568
0.0752793
0.0811809
0.0878753
0.091722
0.0969336
0.102587
0.107963
0.110828
0.11451
0.116558
0.120304
0.12233
0.12408
0.126571
0.12837
0.129423
0.129913
0.13024
0.130326
0.129965
0.129131
0.127696
0.126018
0.123555
0.121102
0.119391
0.115191
0.112592
0.109098
0.105252
0.101875
0.0947899
0.0870876
0.0799422
0.0749505
0.0690213
0.0609481
0.055832
0.043686
0.0318413
0.0174242
0.00968405
1.18065e-005
1.28609e-005
0.0131786
0.0267414
0.0402917
0.0522625
0.0586137
0.06489
0.0745223
0.0806707
0.0879776
0.0929253
0.0979542
0.103689
0.10761
0.11104
0.115024
0.117939
0.11939
0.120965
0.122919
0.124163
0.125237
0.125965
0.126172
0.125951
0.125557
0.124527
0.123525
0.121986
0.119686
0.116825
0.113864
0.10973
0.105694
0.102612
0.0973321
0.0926137
0.0860562
0.0777558
0.0689731
0.0628344
0.052049
0.0422597
0.0365207
0.0258048
0.0146797
1.16764e-005
8.51326e-007
0.0121052
0.0231008
0.0307192
0.0375802
0.0433055
0.0488217
0.0586413
0.0649883
0.0720005
0.0783263
0.0822406
0.0869807
0.0931927
0.0980652
0.10233
0.104988
0.108232
0.110682
0.112246
0.11443
0.116949
0.118539
0.119478
0.120461
0.12087
0.120795
0.120319
0.119706
0.119047
0.118213
0.116854
0.114846
0.112919
0.111068
0.108964
0.105947
0.102147
0.0969333
0.0918601
0.0854715
0.079962
0.0725334
0.0653895
0.0560703
0.0470816
0.0399327
0.0311569
0.0198089
0.0123719
6.54377e-006
5.80311e-006
0.0132312
0.0246367
0.0306962
0.0414321
0.0516242
0.0596496
0.0657046
0.0700679
0.0768245
0.083254
0.0880128
0.0910452
0.0949458
0.0973761
0.100156
0.102375
0.104352
0.107539
0.110187
0.112064
0.11302
0.113864
0.11452
0.115199
0.115383
0.115088
0.114562
0.113823
0.112269
0.110726
0.109257
0.106563
0.103276
0.0995857
0.0974979
0.0945369
0.0899263
0.0865039
0.0835341
0.0782483
0.0748412
0.0700621
0.0622083
0.0578764
0.0504915
0.0451072
0.0335447
0.0209985
0.00919925
5.51303e-006
1.6864e-005
0.0135443
0.0244989
0.0313387
0.0372528
0.047916
0.0567974
0.0610136
0.066132
0.0738079
0.0800722
0.0854349
0.088698
0.093467
0.0977246
0.0996314
0.101669
0.104387
0.105731
0.107204
0.108587
0.109672
0.110409
0.110758
0.110683
0.110184
0.109302
0.108552
0.107455
0.105611
0.104231
0.102292
0.10025
0.0975265
0.0941823
0.0918561
0.0893697
0.0854396
0.0818377
0.0782506
0.0736489
0.0666896
0.0599031
0.0543527
0.0485534
0.0427181
0.0371084
0.0273077
0.0204021
0.00908144
9.83489e-006
3.09746e-005
0.00830689
0.0178385
0.02691
0.0337709
0.0426619
0.052134
0.0577749
0.0617476
0.0653441
0.0694941
0.0745149
0.0785553
0.0816117
0.0855586
0.0890104
0.0929254
0.0948418
0.0974915
0.0999475
0.101989
0.102976
0.103949
0.105075
0.10588
0.106267
0.106335
0.106229
0.106003
0.105579
0.104766
0.103569
0.102504
0.10089
0.0996989
0.098198
0.0956572
0.0931406
0.090193
0.0878945
0.0850327
0.0798084
0.0745682
0.0688289
0.0623386
0.0560489
0.0494133
0.0430163
0.0384208
0.0290395
0.0192486
0.0127211
1.74141e-005
2.71066e-005
0.0135932
0.0205197
0.0292454
0.0352098
0.0416192
0.0493853
0.05572
0.060072
0.0652405
0.0709351
0.0757236
0.0802915
0.0826636
0.0862847
0.0900863
0.0931179
0.0951236
0.0972325
0.0989359
0.100251
0.101025
0.101436
0.101844
0.102131
0.102022
0.101608
0.100646
0.0997238
0.0982734
0.0960163
0.0939859
0.0924334
0.0891259
0.0851246
0.081655
0.0782045
0.0744317
0.0705104
0.0644058
0.0585469
0.0548116
0.0467362
0.0375975
0.0297021
0.0190211
0.0105808
1.99203e-005
2.94553e-005
0.00710213
0.0131686
0.0228396
0.0285977
0.0355973
0.0404678
0.0472176
0.0543264
0.0605107
0.0639579
0.0684277
0.0736438
0.0784243
0.0821273
0.0855808
0.0885182
0.091089
0.0923593
0.0936255
0.0948946
0.0960339
0.0966614
0.0969428
0.0969628
0.0968626
0.0965354
0.0957661
0.0946375
0.0931661
0.0921662
0.090866
0.0895022
0.0874818
0.0848146
0.0824259
0.0791536
0.0760895
0.0720134
0.0663005
0.0603408
0.0533148
0.0494014
0.0437757
0.0384894
0.0326364
0.0250535
0.0190644
0.0134653
0.00746447
2.9332e-005
2.00701e-005
0.0119922
0.0205642
0.025639
0.0315667
0.037603
0.0420881
0.0487093
0.0529517
0.0572242
0.0608612
0.0638375
0.0670031
0.0698554
0.072402
0.0749415
0.0766074
0.0785348
0.0810904
0.0831951
0.0841595
0.0855008
0.0863514
0.0869121
0.0873035
0.0875338
0.0874995
0.0871235
0.0864328
0.085602
0.0843546
0.0831741
0.0814744
0.0789861
0.0770847
0.0738044
0.070854
0.0677215
0.0634901
0.06005
0.0573658
0.0538246
0.0490995
0.0455533
0.0398681
0.0356319
0.0310159
0.0219671
0.01627
0.0104096
2.36673e-005
-4.10424e-017
0.00842661
0.0174364
0.0236415
0.0307105
0.0367465
0.0414286
0.0460604
0.0509393
0.053566
0.0570438
0.0597479
0.0633839
0.0666348
0.0684695
0.0701437
0.0713326
0.073406
0.0750011
0.0760384
0.0767717
0.0774004
0.077927
0.0781189
0.0781602
0.0780202
0.0776878
0.0770087
0.0764178
0.0753665
0.0744344
0.0735211
0.0726154
0.0705296
0.0682699
0.0668612
0.0637622
0.061987
0.0588679
0.0568438
0.054488
0.0495113
0.0470068
0.0411297
0.0374439
0.0307127
0.0268767
0.0189836
0.0147724
0.00761141
2.39505e-005
1.66169e-005
0.00905442
0.0133595
0.0175162
0.0216027
0.0270935
0.0306217
0.0344623
0.0384146
0.0432867
0.0452356
0.0485549
0.0511639
0.0533033
0.0558303
0.0575012
0.0590693
0.0608776
0.0624341
0.0637456
0.0649808
0.0657516
0.0664793
0.0668822
0.0672397
0.0673612
0.0673212
0.0671661
0.0668455
0.0665032
0.0658372
0.0651033
0.064277
0.0630968
0.0614837
0.0603457
0.0588167
0.0568323
0.0542532
0.0521752
0.0493368
0.0455705
0.0421506
0.0399587
0.0348901
0.0315131
0.0255804
0.0204693
0.016766
0.00806106
1.7317e-018
4.62498e-005
0.00407466
0.0116132
0.0162805
0.021568
0.0267819
0.0297475
0.0325759
0.0362128
0.0382482
0.0397455
0.0412003
0.0431164
0.0452844
0.0469197
0.0484012
0.0500457
0.0507896
0.051508
0.0521951
0.0532567
0.0541147
0.054544
0.0548823
0.0551001
0.0552308
0.0552238
0.0550214
0.0548092
0.0544731
0.0541127
0.0535257
0.0529411
0.0524172
0.0518103
0.0505273
0.0498158
0.0483006
0.0473885
0.0462781
0.0450435
0.0432129
0.0408903
0.0391674
0.0368742
0.0342004
0.0304523
0.0261078
0.0219904
0.0165321
0.013578
0.00943829
0.00581051
3.69927e-005
3.23007e-005
0.00673071
0.0101315
0.0150912
0.0178509
0.0208359
0.0241409
0.0257413
0.0275262
0.0297291
0.0311486
0.0330785
0.0341729
0.0355822
0.036682
0.0378265
0.0389244
0.0398242
0.0403782
0.0406811
0.0410976
0.0413388
0.0415056
0.0415722
0.0415902
0.0414965
0.041316
0.0410634
0.0406913
0.0403468
0.0396394
0.0390836
0.0385493
0.0377635
0.0367356
0.035329
0.033861
0.0329498
0.0314385
0.0298726
0.0284035
0.026358
0.0246273
0.0222364
0.0202728
0.0174257
0.0134266
0.00857068
0.00393737
8.27795e-005
6.48087e-005
0.00342351
0.0064394
0.00984926
0.0131747
0.0165482
0.019096
0.0207048
0.0224304
0.0236823
0.0254336
0.0264083
0.0271649
0.0280663
0.0288614
0.0296379
0.0304966
0.0311555
0.0318607
0.0323605
0.032761
0.0331517
0.0334805
0.0337235
0.0338903
0.0340555
0.0341077
0.0341173
0.034065
0.0338963
0.0336582
0.0333064
0.0330863
0.0327048
0.0323313
0.0317486
0.0312381
0.0302529
0.0291819
0.027922
0.0271536
0.0262187
0.025287
0.0236385
0.0225621
0.0203531
0.0176023
0.0159033
0.0127392
0.0109703
0.00705689
0.00485793
8.02511e-005
7.93175e-005
0.00416159
0.00595676
0.00746559
0.00983989
0.0118105
0.0135241
0.0150475
0.0159286
0.0172631
0.0183816
0.0189717
0.0198578
0.0204667
0.0208262
0.0215028
0.0219682
0.0223096
0.0226582
0.022876
0.0230571
0.02326
0.023361
0.0233875
0.0233812
0.0233453
0.0232836
0.0231385
0.0228888
0.022731
0.0225171
0.0222026
0.0218583
0.0214217
0.0208016
0.0202412
0.0196959
0.0190597
0.0185837
0.017997
0.0171008
0.0163279
0.0155209
0.013937
0.012914
0.0110889
0.00941258
0.00815304
0.00581394
0.00374564
8.30573e-005
1.02784e-005
0.00239935
0.00370119
0.00532269
0.00618208
0.00750704
0.00855058
0.00904
0.0099775
0.0104732
0.0111791
0.0115171
0.0118485
0.0124257
0.0128392
0.0133038
0.0136289
0.0138207
0.0140627
0.0141792
0.0143006
0.0144175
0.0145326
0.0146207
0.0146584
0.0146922
0.014707
0.0146711
0.0146361
0.014578
0.014461
0.0143063
0.01409
0.0138632
0.0136998
0.013495
0.0132196
0.0129405
0.0125255
0.0122
0.0117419
0.0112903
0.0108617
0.0102961
0.00956127
0.0091035
0.00856884
0.00746997
0.00643653
0.00485963
0.00322805
0.00218813
0.000123327
-2.21168e-005
8.98256e-005
8.49422e-005
5.64856e-005
3.16238e-005
3.90042e-005
1.76058e-005
1.21535e-005
1.70166e-005
1.02356e-005
1.17147e-005
4.32819e-006
5.64226e-006
4.65432e-006
1.44629e-006
2.18676e-006
6.45802e-006
5.79748e-006
1.20285e-005
1.37426e-005
1.832e-005
1.50185e-005
1.13553e-005
1.2673e-005
1.21142e-005
8.91145e-006
8.97809e-006
3.6068e-006
1.50315e-006
2.50983e-007
1.567e-006
4.87313e-006
5.1171e-006
1.31595e-005
1.36451e-005
9.0167e-006
1.55527e-005
9.89836e-006
1.62892e-005
1.55175e-005
1.22774e-005
2.25247e-005
2.36412e-005
3.34877e-005
3.59599e-005
5.02324e-005
8.2934e-005
9.78747e-005
0.000137131
6.19044e-005
-2.20128e-005
